Time (s),Voltage (V)
0.0,6.08
0.04,6.48
0.08,6.24
0.12,6.640000000000001
0.16,6.32
0.2,0.08000000000000007
0.24,0.08000000000000007
0.28,0.08000000000000007
0.32,0.08000000000000007
0.36,0.0
0.4,0.08000000000000007
0.44,0.08000000000000007
0.48,0.08000000000000007
0.52,0.08000000000000007
0.56,0.08000000000000007
0.6,0.08000000000000007
0.64,0.08000000000000007
0.68,0.08000000000000007
0.72,0.08000000000000007
0.76,0.08000000000000007
0.8,0.08000000000000007
0.84,0.08000000000000007
0.88,0.0
0.92,0.08000000000000007
0.96,0.08000000000000007
1.0,0.08000000000000007
1.04,0.08000000000000007
1.08,0.08000000000000007
1.12,0.08000000000000007
1.16,0.08000000000000007
1.2,0.08000000000000007
1.24,0.08000000000000007
1.28,0.08000000000000007
1.32,0.08000000000000007
1.36,0.08000000000000007
1.4000000000000001,0.08000000000000007
1.44,0.08000000000000007
1.48,0.08000000000000007
1.52,0.08000000000000007
1.56,0.08000000000000007
1.6,0.08000000000000007
1.6400000000000001,0.08000000000000007
1.68,0.08000000000000007
1.72,0.08000000000000007
1.76,0.0
1.8,0.08000000000000007
1.84,0.08000000000000007
1.8800000000000001,0.08000000000000007
1.92,0.08000000000000007
1.96,0.08000000000000007
2.0,0.08000000000000007
2.04,0.08000000000000007
2.08,0.08000000000000007
2.12,0.08000000000000007
2.16,0.08000000000000007
2.2,0.08000000000000007
2.24,0.08000000000000007
2.2800000000000002,0.0
2.32,0.08000000000000007
2.36,0.08000000000000007
2.4,0.08000000000000007
2.44,0.08000000000000007
2.48,0.08000000000000007
2.52,0.08000000000000007
2.56,0.08000000000000007
2.6,0.08000000000000007
2.64,0.08000000000000007
2.68,0.08000000000000007
2.72,0.08000000000000007
2.7600000000000002,0.08000000000000007
2.8000000000000003,0.08000000000000007
2.84,0.08000000000000007
2.88,0.08000000000000007
2.92,0.08000000000000007
2.96,0.08000000000000007
3.0,0.08000000000000007
3.04,0.08000000000000007
3.08,0.08000000000000007
3.12,0.0
3.16,0.08000000000000007
3.2,0.08000000000000007
3.24,0.08000000000000007
3.2800000000000002,0.08000000000000007
3.3200000000000003,0.08000000000000007
3.36,0.08000000000000007
3.4,0.08000000000000007
3.44,0.0
3.48,0.08000000000000007
3.52,0.08000000000000007
3.56,0.08000000000000007
3.6,0.08000000000000007
3.64,0.08000000000000007
3.68,0.08000000000000007
3.72,0.08000000000000007
3.7600000000000002,0.08000000000000007
3.8000000000000003,0.08000000000000007
3.84,0.08000000000000007
3.88,0.08000000000000007
3.92,0.08000000000000007
3.96,0.0
4.0,0.08000000000000007
4.04,0.08000000000000007
4.08,0.08000000000000007
4.12,0.08000000000000007
4.16,0.08000000000000007
4.2,0.08000000000000007
4.24,0.08000000000000007
4.28,0.08000000000000007
4.32,0.0
4.36,0.08000000000000007
4.4,0.08000000000000007
4.44,0.08000000000000007
4.48,0.08000000000000007
4.5200000000000005,0.08000000000000007
4.5600000000000005,0.08000000000000007
4.6000000000000005,0.08000000000000007
4.64,0.08000000000000007
4.68,0.08000000000000007
4.72,0.08000000000000007
4.76,0.08000000000000007
4.8,0.08000000000000007
4.84,0.08000000000000007
4.88,0.0
4.92,0.08000000000000007
4.96,0.08000000000000007
5.0,0.08000000000000007
5.04,0.08000000000000007
5.08,0.08000000000000007
5.12,0.08000000000000007
5.16,0.08000000000000007
5.2,0.08000000000000007
5.24,0.08000000000000007
5.28,0.08000000000000007
5.32,0.08000000000000007
5.36,0.08000000000000007
5.4,0.08000000000000007
5.44,0.08000000000000007
5.48,0.08000000000000007
5.5200000000000005,0.08000000000000007
5.5600000000000005,0.08000000000000007
5.6000000000000005,0.08000000000000007
5.64,0.0
5.68,0.08000000000000007
5.72,0.08000000000000007
5.76,0.08000000000000007
5.8,0.08000000000000007
5.84,0.08000000000000007
5.88,0.08000000000000007
5.92,0.08000000000000007
5.96,0.08000000000000007
6.0,0.08000000000000007
6.04,0.08000000000000007
6.08,0.08000000000000007
6.12,0.08000000000000007
6.16,0.08000000000000007
6.2,0.08000000000000007
6.24,0.08000000000000007
6.28,0.08000000000000007
6.32,0.08000000000000007
6.36,0.08000000000000007
6.4,0.08000000000000007
6.44,0.08000000000000007
6.48,0.08000000000000007
6.5200000000000005,0.08000000000000007
6.5600000000000005,0.08000000000000007
6.6000000000000005,0.08000000000000007
6.640000000000001,0.08000000000000007
6.68,0.08000000000000007
6.72,0.08000000000000007
6.76,0.08000000000000007
6.8,0.08000000000000007
6.84,0.08000000000000007
6.88,0.08000000000000007
6.92,0.08000000000000007
6.96,0.0
7.0,0.0
7.04,0.08000000000000007
7.08,0.08000000000000007
7.12,0.08000000000000007
7.16,0.08000000000000007
7.2,0.08000000000000007
7.24,0.0
7.28,0.08000000000000007
7.32,0.08000000000000007
7.36,0.08000000000000007
7.4,0.08000000000000007
7.44,0.08000000000000007
7.48,0.08000000000000007
7.5200000000000005,0.08000000000000007
7.5600000000000005,0.08000000000000007
7.6000000000000005,0.08000000000000007
7.640000000000001,0.08000000000000007
7.68,0.08000000000000007
7.72,0.08000000000000007
7.76,0.08000000000000007
7.8,0.0
7.84,0.08000000000000007
7.88,0.08000000000000007
7.92,0.08000000000000007
7.96,0.08000000000000007
8.0,0.08000000000000007
8.040000000000001,0.08000000000000007
8.08,0.08000000000000007
8.120000000000001,0.08000000000000007
8.16,0.08000000000000007
8.2,0.08000000000000007
8.24,0.08000000000000007
8.28,0.08000000000000007
8.32,0.08000000000000007
8.36,0.08000000000000007
8.4,0.08000000000000007
8.44,0.08000000000000007
8.48,0.08000000000000007
8.52,0.08000000000000007
8.56,0.08000000000000007
8.6,0.08000000000000007
8.64,0.08000000000000007
8.68,0.08000000000000007
8.72,0.08000000000000007
8.76,0.08000000000000007
8.8,0.08000000000000007
8.84,0.0
8.88,0.0
8.92,0.08000000000000007
8.96,0.08000000000000007
9.0,0.08000000000000007
9.040000000000001,0.08000000000000007
9.08,0.08000000000000007
9.120000000000001,0.08000000000000007
9.16,0.08000000000000007
9.200000000000001,0.08000000000000007
9.24,0.08000000000000007
9.28,0.08000000000000007
9.32,0.08000000000000007
9.36,0.08000000000000007
9.4,0.08000000000000007
9.44,0.08000000000000007
9.48,0.08000000000000007
9.52,0.08000000000000007
9.56,0.08000000000000007
9.6,0.08000000000000007
9.64,0.08000000000000007
9.68,0.08000000000000007
9.72,0.08000000000000007
9.76,0.08000000000000007
9.8,0.08000000000000007
9.84,0.08000000000000007
9.88,0.08000000000000007
9.92,0.08000000000000007
9.96,0.08000000000000007
10.0,0.0
10.040000000000001,0.08000000000000007
10.08,0.08000000000000007
10.120000000000001,0.08000000000000007
10.16,0.08000000000000007
10.200000000000001,0.08000000000000007
10.24,0.08000000000000007
10.28,0.08000000000000007
10.32,0.08000000000000007
10.36,0.08000000000000007
10.4,0.0
10.44,0.08000000000000007
10.48,0.08000000000000007
10.52,0.08000000000000007
10.56,0.08000000000000007
10.6,0.08000000000000007
10.64,0.08000000000000007
10.68,0.08000000000000007
10.72,0.08000000000000007
10.76,0.08000000000000007
10.8,0.08000000000000007
10.84,0.0
10.88,0.08000000000000007
10.92,0.08000000000000007
10.96,0.08000000000000007
11.0,0.08000000000000007
11.040000000000001,0.08000000000000007
11.08,0.08000000000000007
11.120000000000001,0.08000000000000007
11.16,0.16000000000000014
11.200000000000001,0.08000000000000007
11.24,0.08000000000000007
11.28,0.08000000000000007
11.32,0.08000000000000007
11.36,0.08000000000000007
11.4,0.08000000000000007
11.44,0.08000000000000007
11.48,0.08000000000000007
11.52,0.08000000000000007
11.56,0.08000000000000007
11.6,0.0
11.64,0.08000000000000007
11.68,0.08000000000000007
11.72,0.08000000000000007
11.76,0.08000000000000007
11.8,0.08000000000000007
11.84,0.08000000000000007
11.88,0.08000000000000007
11.92,0.08000000000000007
11.96,0.08000000000000007
12.0,0.08000000000000007
12.040000000000001,0.08000000000000007
12.08,0.08000000000000007
12.120000000000001,0.08000000000000007
12.16,0.08000000000000007
12.200000000000001,0.08000000000000007
12.24,0.08000000000000007
12.280000000000001,0.08000000000000007
12.32,0.0
12.36,0.08000000000000007
12.4,0.08000000000000007
12.44,0.08000000000000007
12.48,0.08000000000000007
12.52,0.08000000000000007
12.56,0.08000000000000007
12.6,0.08000000000000007
12.64,0.08000000000000007
12.68,0.08000000000000007
12.72,0.0
12.76,0.08000000000000007
12.8,0.08000000000000007
12.84,0.08000000000000007
12.88,0.08000000000000007
12.92,0.08000000000000007
12.96,0.08000000000000007
13.0,0.08000000000000007
13.040000000000001,0.08000000000000007
13.08,0.08000000000000007
13.120000000000001,0.08000000000000007
13.16,0.08000000000000007
13.200000000000001,0.08000000000000007
13.24,0.08000000000000007
13.280000000000001,0.08000000000000007
13.32,0.08000000000000007
13.36,0.08000000000000007
13.4,0.08000000000000007
13.44,0.08000000000000007
13.48,0.08000000000000007
13.52,0.08000000000000007
13.56,0.08000000000000007
13.6,0.08000000000000007
13.64,0.08000000000000007
13.68,0.08000000000000007
13.72,0.08000000000000007
13.76,0.08000000000000007
13.8,0.08000000000000007
13.84,0.08000000000000007
13.88,0.08000000000000007
13.92,0.08000000000000007
13.96,0.0
14.0,0.08000000000000007
14.040000000000001,0.0
14.08,0.08000000000000007
14.120000000000001,0.08000000000000007
14.16,0.08000000000000007
14.200000000000001,0.08000000000000007
14.24,0.0
14.280000000000001,0.08000000000000007
14.32,0.08000000000000007
14.36,0.08000000000000007
14.4,0.08000000000000007
14.44,0.08000000000000007
14.48,0.08000000000000007
14.52,0.08000000000000007
14.56,0.08000000000000007
14.6,0.08000000000000007
14.64,0.08000000000000007
14.68,0.08000000000000007
14.72,0.08000000000000007
14.76,0.08000000000000007
14.8,0.0
14.84,0.08000000000000007
14.88,0.08000000000000007
14.92,0.08000000000000007
14.96,0.08000000000000007
15.0,0.08000000000000007
15.040000000000001,0.08000000000000007
15.08,0.08000000000000007
15.120000000000001,0.08000000000000007
15.16,0.08000000000000007
15.200000000000001,0.08000000000000007
15.24,0.08000000000000007
15.280000000000001,0.08000000000000007
15.32,0.08000000000000007
15.36,0.08000000000000007
15.4,0.08000000000000007
15.44,0.08000000000000007
15.48,0.08000000000000007
15.52,0.08000000000000007
15.56,0.08000000000000007
15.6,0.0
15.64,0.08000000000000007
15.68,0.08000000000000007
15.72,0.08000000000000007
15.76,0.08000000000000007
15.8,0.08000000000000007
15.84,0.08000000000000007
15.88,0.08000000000000007
15.92,0.08000000000000007
15.96,0.08000000000000007
16.0,0.08000000000000007
16.04,0.08000000000000007
16.080000000000002,0.08000000000000007
16.12,0.08000000000000007
16.16,0.08000000000000007
16.2,0.08000000000000007
16.240000000000002,0.08000000000000007
16.28,0.08000000000000007
16.32,0.08000000000000007
16.36,0.08000000000000007
16.4,0.16000000000000014
16.44,0.08000000000000007
16.48,0.08000000000000007
16.52,0.08000000000000007
16.56,0.08000000000000007
16.6,0.08000000000000007
16.64,0.08000000000000007
16.68,0.08000000000000007
16.72,0.08000000000000007
16.76,0.08000000000000007
16.8,0.08000000000000007
16.84,0.08000000000000007
16.88,0.08000000000000007
16.92,0.08000000000000007
16.96,0.08000000000000007
17.0,0.08000000000000007
17.04,0.08000000000000007
17.080000000000002,0.08000000000000007
17.12,0.16000000000000014
17.16,0.08000000000000007
17.2,0.08000000000000007
17.240000000000002,0.08000000000000007
17.28,0.08000000000000007
17.32,0.08000000000000007
17.36,0.08000000000000007
17.400000000000002,0.08000000000000007
17.44,0.08000000000000007
17.48,0.08000000000000007
17.52,0.08000000000000007
17.56,0.08000000000000007
17.6,0.08000000000000007
17.64,0.08000000000000007
17.68,0.08000000000000007
17.72,0.08000000000000007
17.76,0.08000000000000007
17.8,0.08000000000000007
17.84,0.08000000000000007
17.88,0.08000000000000007
17.92,0.08000000000000007
17.96,0.08000000000000007
18.0,0.08000000000000007
18.04,0.08000000000000007
18.080000000000002,0.16000000000000014
18.12,0.08000000000000007
18.16,0.08000000000000007
18.2,0.08000000000000007
18.240000000000002,0.08000000000000007
18.28,0.08000000000000007
18.32,0.08000000000000007
18.36,0.08000000000000007
18.400000000000002,0.08000000000000007
18.44,0.08000000000000007
18.48,0.08000000000000007
18.52,0.08000000000000007
18.56,0.08000000000000007
18.6,0.08000000000000007
18.64,0.08000000000000007
18.68,0.08000000000000007
18.72,0.08000000000000007
18.76,0.08000000000000007
18.8,0.08000000000000007
18.84,0.08000000000000007
18.88,0.08000000000000007
18.92,0.08000000000000007
18.96,0.08000000000000007
19.0,0.08000000000000007
19.04,0.08000000000000007
19.080000000000002,0.08000000000000007
19.12,0.08000000000000007
19.16,0.08000000000000007
19.2,0.08000000000000007
19.240000000000002,0.08000000000000007
19.28,0.08000000000000007
19.32,0.08000000000000007
19.36,0.08000000000000007
19.400000000000002,0.08000000000000007
19.44,0.08000000000000007
19.48,0.08000000000000007
19.52,0.08000000000000007
19.56,0.08000000000000007
19.6,0.08000000000000007
19.64,0.08000000000000007
19.68,0.08000000000000007
19.72,0.08000000000000007
19.76,0.08000000000000007
19.8,0.08000000000000007
19.84,0.0
19.88,0.0
19.92,0.08000000000000007
19.96,0.08000000000000007
20.0,0.08000000000000007
20.04,0.08000000000000007
20.080000000000002,0.08000000000000007
20.12,0.08000000000000007
20.16,0.08000000000000007
20.2,0.08000000000000007
20.240000000000002,0.08000000000000007
20.28,0.08000000000000007
20.32,0.08000000000000007
20.36,0.08000000000000007
20.400000000000002,0.08000000000000007
20.44,0.08000000000000007
20.48,0.08000000000000007
20.52,0.08000000000000007
20.56,0.08000000000000007
20.6,0.08000000000000007
20.64,0.08000000000000007
20.68,0.08000000000000007
20.72,0.08000000000000007
20.76,0.08000000000000007
20.8,0.08000000000000007
20.84,0.08000000000000007
20.88,0.0
20.92,0.08000000000000007
20.96,0.08000000000000007
21.0,0.08000000000000007
21.04,0.08000000000000007
21.080000000000002,0.08000000000000007
21.12,0.08000000000000007
21.16,0.08000000000000007
21.2,0.08000000000000007
21.240000000000002,0.08000000000000007
21.28,0.08000000000000007
21.32,0.0
21.36,0.08000000000000007
21.400000000000002,0.08000000000000007
21.44,0.08000000000000007
21.48,0.0
21.52,0.08000000000000007
21.56,0.08000000000000007
21.6,0.08000000000000007
21.64,0.08000000000000007
21.68,0.08000000000000007
21.72,0.08000000000000007
21.76,0.08000000000000007
21.8,0.08000000000000007
21.84,0.08000000000000007
21.88,0.08000000000000007
21.92,0.08000000000000007
21.96,0.08000000000000007
22.0,0.08000000000000007
22.04,0.0
22.080000000000002,0.08000000000000007
22.12,0.08000000000000007
22.16,0.08000000000000007
22.2,0.08000000000000007
22.240000000000002,0.16000000000000014
22.28,0.08000000000000007
22.32,0.08000000000000007
22.36,0.08000000000000007
22.400000000000002,0.08000000000000007
22.44,0.08000000000000007
22.48,0.08000000000000007
22.52,0.08000000000000007
22.56,0.08000000000000007
22.6,0.08000000000000007
22.64,0.08000000000000007
22.68,0.0
22.72,0.08000000000000007
22.76,0.08000000000000007
22.8,0.08000000000000007
22.84,0.08000000000000007
22.88,0.08000000000000007
22.92,0.08000000000000007
22.96,0.0
23.0,0.08000000000000007
23.04,0.08000000000000007
23.080000000000002,0.08000000000000007
23.12,0.08000000000000007
23.16,0.08000000000000007
23.2,0.08000000000000007
23.240000000000002,0.08000000000000007
23.28,0.08000000000000007
23.32,0.08000000000000007
23.36,0.08000000000000007
23.400000000000002,0.08000000000000007
23.44,0.08000000000000007
23.48,0.08000000000000007
23.52,0.08000000000000007
23.56,0.08000000000000007
23.6,0.08000000000000007
23.64,0.08000000000000007
23.68,0.08000000000000007
23.72,0.08000000000000007
23.76,0.08000000000000007
23.8,0.08000000000000007
23.84,0.08000000000000007
23.88,0.08000000000000007
23.92,0.08000000000000007
23.96,0.08000000000000007
24.0,0.08000000000000007
24.04,0.08000000000000007
24.080000000000002,0.08000000000000007
24.12,0.08000000000000007
24.16,0.08000000000000007
24.2,0.08000000000000007
24.240000000000002,0.08000000000000007
24.28,0.08000000000000007
24.32,0.08000000000000007
24.36,0.08000000000000007
24.400000000000002,0.08000000000000007
24.44,0.08000000000000007
24.48,0.08000000000000007
24.52,0.08000000000000007
24.560000000000002,0.08000000000000007
24.6,0.08000000000000007
24.64,0.08000000000000007
24.68,0.08000000000000007
24.72,0.08000000000000007
24.76,0.08000000000000007
24.8,0.08000000000000007
24.84,0.08000000000000007
24.88,0.08000000000000007
24.92,0.08000000000000007
24.96,0.08000000000000007
25.0,0.08000000000000007
25.04,0.08000000000000007
25.080000000000002,0.0
25.12,0.08000000000000007
25.16,0.08000000000000007
25.2,0.08000000000000007
25.240000000000002,0.08000000000000007
25.28,0.08000000000000007
25.32,0.08000000000000007
25.36,0.08000000000000007
25.400000000000002,0.08000000000000007
25.44,0.08000000000000007
25.48,0.0
25.52,0.08000000000000007
25.560000000000002,0.08000000000000007
25.6,0.08000000000000007
25.64,0.08000000000000007
25.68,0.08000000000000007
25.72,0.08000000000000007
25.76,0.08000000000000007
25.8,0.0
25.84,0.08000000000000007
25.88,0.08000000000000007
25.92,0.0
25.96,0.08000000000000007
26.0,0.08000000000000007
26.04,0.08000000000000007
26.080000000000002,0.08000000000000007
26.12,0.08000000000000007
26.16,0.08000000000000007
26.2,0.08000000000000007
26.240000000000002,0.08000000000000007
26.28,0.08000000000000007
26.32,0.08000000000000007
26.36,0.08000000000000007
26.400000000000002,0.08000000000000007
26.44,0.08000000000000007
26.48,0.08000000000000007
26.52,0.08000000000000007
26.560000000000002,0.08000000000000007
26.6,0.08000000000000007
26.64,0.08000000000000007
26.68,0.08000000000000007
26.72,0.08000000000000007
26.76,0.08000000000000007
26.8,0.08000000000000007
26.84,0.08000000000000007
26.88,0.08000000000000007
26.92,0.08000000000000007
26.96,0.08000000000000007
27.0,0.08000000000000007
27.04,0.08000000000000007
27.080000000000002,0.08000000000000007
27.12,0.08000000000000007
27.16,0.08000000000000007
27.2,0.08000000000000007
27.240000000000002,0.08000000000000007
27.28,0.08000000000000007
27.32,0.08000000000000007
27.36,0.08000000000000007
27.400000000000002,0.08000000000000007
27.44,0.08000000000000007
27.48,0.08000000000000007
27.52,0.08000000000000007
27.560000000000002,0.08000000000000007
27.6,0.08000000000000007
27.64,0.08000000000000007
27.68,0.08000000000000007
27.72,0.08000000000000007
27.76,0.08000000000000007
27.8,0.08000000000000007
27.84,0.08000000000000007
27.88,0.08000000000000007
27.92,0.08000000000000007
27.96,0.08000000000000007
28.0,0.08000000000000007
28.04,0.08000000000000007
28.080000000000002,0.08000000000000007
28.12,0.08000000000000007
28.16,0.08000000000000007
28.2,0.08000000000000007
28.240000000000002,0.08000000000000007
28.28,0.08000000000000007
28.32,0.08000000000000007
28.36,0.08000000000000007
28.400000000000002,0.08000000000000007
28.44,0.08000000000000007
28.48,0.08000000000000007
28.52,0.08000000000000007
28.560000000000002,0.08000000000000007
28.6,0.08000000000000007
28.64,0.08000000000000007
28.68,0.08000000000000007
28.72,0.08000000000000007
28.76,0.08000000000000007
28.8,0.08000000000000007
28.84,0.08000000000000007
28.88,0.08000000000000007
28.92,0.08000000000000007
28.96,0.08000000000000007
29.0,0.08000000000000007
29.04,0.08000000000000007
29.080000000000002,0.08000000000000007
29.12,0.08000000000000007
29.16,0.08000000000000007
29.2,0.08000000000000007
29.240000000000002,0.08000000000000007
29.28,0.08000000000000007
29.32,0.08000000000000007
29.36,0.08000000000000007
29.400000000000002,0.08000000000000007
29.44,0.08000000000000007
29.48,0.08000000000000007
29.52,0.08000000000000007
29.560000000000002,0.08000000000000007
29.6,0.08000000000000007
29.64,0.08000000000000007
29.68,0.16000000000000014
29.72,0.08000000000000007
29.76,0.08000000000000007
29.8,0.08000000000000007
29.84,0.08000000000000007
29.88,0.08000000000000007
29.92,0.08000000000000007
29.96,0.08000000000000007
30.0,0.08000000000000007
30.04,0.08000000000000007
30.080000000000002,0.08000000000000007
30.12,0.08000000000000007
30.16,0.08000000000000007
30.2,0.08000000000000007
30.240000000000002,0.08000000000000007
30.28,0.08000000000000007
30.32,0.08000000000000007
30.36,0.08000000000000007
30.400000000000002,0.08000000000000007
30.44,0.08000000000000007
30.48,0.08000000000000007
30.52,0.08000000000000007
30.560000000000002,0.08000000000000007
30.6,0.08000000000000007
30.64,0.08000000000000007
30.68,0.08000000000000007
30.72,0.08000000000000007
30.76,0.08000000000000007
30.8,0.08000000000000007
30.84,0.08000000000000007
30.88,0.0
30.92,0.08000000000000007
30.96,0.08000000000000007
31.0,0.08000000000000007
31.04,0.08000000000000007
31.080000000000002,0.08000000000000007
31.12,0.0
31.16,0.08000000000000007
31.2,0.08000000000000007
31.240000000000002,0.08000000000000007
31.28,0.08000000000000007
31.32,0.08000000000000007
31.36,0.08000000000000007
31.400000000000002,0.08000000000000007
31.44,0.08000000000000007
31.48,0.08000000000000007
31.52,0.08000000000000007
31.560000000000002,0.08000000000000007
31.6,0.08000000000000007
31.64,0.08000000000000007
31.68,0.08000000000000007
31.720000000000002,0.08000000000000007
31.76,0.08000000000000007
31.8,0.08000000000000007
31.84,0.16000000000000014
31.88,0.08000000000000007
31.92,0.08000000000000007
31.96,0.08000000000000007
32.0,0.08000000000000007
32.04,0.08000000000000007
32.08,0.08000000000000007
32.12,0.08000000000000007
32.160000000000004,0.08000000000000007
32.2,0.08000000000000007
32.24,0.08000000000000007
32.28,0.08000000000000007
32.32,0.08000000000000007
32.36,0.08000000000000007
32.4,0.08000000000000007
32.44,0.08000000000000007
32.480000000000004,0.08000000000000007
32.52,0.08000000000000007
32.56,0.08000000000000007
32.6,0.08000000000000007
32.64,0.08000000000000007
32.68,0.08000000000000007
32.72,0.08000000000000007
32.76,0.08000000000000007
32.8,0.08000000000000007
32.84,0.08000000000000007
32.88,0.08000000000000007
32.92,0.08000000000000007
32.96,0.08000000000000007
33.0,0.08000000000000007
33.04,0.08000000000000007
33.08,0.08000000000000007
33.12,0.08000000000000007
33.160000000000004,0.08000000000000007
33.2,0.08000000000000007
33.24,0.08000000000000007
33.28,0.08000000000000007
33.32,0.08000000000000007
33.36,0.08000000000000007
33.4,0.08000000000000007
33.44,0.08000000000000007
33.480000000000004,0.08000000000000007
33.52,0.08000000000000007
33.56,0.08000000000000007
33.6,0.08000000000000007
33.64,0.08000000000000007
33.68,0.08000000000000007
33.72,0.08000000000000007
33.76,0.08000000000000007
33.8,0.08000000000000007
33.84,0.08000000000000007
33.88,0.08000000000000007
33.92,0.08000000000000007
33.96,0.08000000000000007
34.0,0.0
34.04,0.08000000000000007
34.08,0.08000000000000007
34.12,0.08000000000000007
34.160000000000004,0.08000000000000007
34.2,0.08000000000000007
34.24,0.0
34.28,0.08000000000000007
34.32,0.08000000000000007
34.36,0.08000000000000007
34.4,0.08000000000000007
34.44,0.08000000000000007
34.480000000000004,0.08000000000000007
34.52,0.08000000000000007
34.56,0.08000000000000007
34.6,0.08000000000000007
34.64,0.08000000000000007
34.68,0.08000000000000007
34.72,0.08000000000000007
34.76,0.08000000000000007
34.800000000000004,0.08000000000000007
34.84,0.08000000000000007
34.88,0.0
34.92,0.08000000000000007
34.96,0.08000000000000007
35.0,0.08000000000000007
35.04,0.0
35.08,0.0
35.12,0.08000000000000007
35.160000000000004,0.08000000000000007
35.2,0.08000000000000007
35.24,0.08000000000000007
35.28,0.08000000000000007
35.32,0.08000000000000007
35.36,0.08000000000000007
35.4,0.08000000000000007
35.44,0.08000000000000007
35.480000000000004,0.08000000000000007
35.52,0.08000000000000007
35.56,0.08000000000000007
35.6,0.08000000000000007
35.64,0.08000000000000007
35.68,0.08000000000000007
35.72,0.08000000000000007
35.76,0.08000000000000007
35.800000000000004,0.08000000000000007
35.84,0.08000000000000007
35.88,0.08000000000000007
35.92,0.08000000000000007
35.96,0.08000000000000007
36.0,0.08000000000000007
36.04,0.08000000000000007
36.08,0.08000000000000007
36.12,0.08000000000000007
36.160000000000004,0.08000000000000007
36.2,0.08000000000000007
36.24,0.08000000000000007
36.28,0.08000000000000007
36.32,0.08000000000000007
36.36,0.08000000000000007
36.4,0.08000000000000007
36.44,0.08000000000000007
36.480000000000004,0.0
36.52,0.08000000000000007
36.56,0.08000000000000007
36.6,0.08000000000000007
36.64,0.0
36.68,0.08000000000000007
36.72,0.08000000000000007
36.76,0.08000000000000007
36.800000000000004,0.08000000000000007
36.84,0.08000000000000007
36.88,0.08000000000000007
36.92,0.08000000000000007
36.96,0.08000000000000007
37.0,0.16000000000000014
37.04,0.08000000000000007
37.08,0.08000000000000007
37.12,0.08000000000000007
37.160000000000004,0.08000000000000007
37.2,0.08000000000000007
37.24,0.08000000000000007
37.28,0.08000000000000007
37.32,0.08000000000000007
37.36,0.08000000000000007
37.4,0.08000000000000007
37.44,0.08000000000000007
37.480000000000004,0.08000000000000007
37.52,0.08000000000000007
37.56,0.08000000000000007
37.6,0.08000000000000007
37.64,0.08000000000000007
37.68,0.08000000000000007
37.72,0.08000000000000007
37.76,0.08000000000000007
37.800000000000004,0.08000000000000007
37.84,0.08000000000000007
37.88,0.08000000000000007
37.92,0.08000000000000007
37.96,0.08000000000000007
38.0,0.08000000000000007
38.04,0.08000000000000007
38.08,0.08000000000000007
38.12,0.08000000000000007
38.160000000000004,0.08000000000000007
38.2,0.08000000000000007
38.24,0.08000000000000007
38.28,0.08000000000000007
38.32,0.0
38.36,0.08000000000000007
38.4,0.08000000000000007
38.44,0.08000000000000007
38.480000000000004,0.08000000000000007
38.52,0.08000000000000007
38.56,0.08000000000000007
38.6,0.08000000000000007
38.64,0.08000000000000007
38.68,0.08000000000000007
38.72,0.08000000000000007
38.76,0.08000000000000007
38.800000000000004,0.08000000000000007
38.84,0.08000000000000007
38.88,0.08000000000000007
38.92,0.08000000000000007
38.96,0.08000000000000007
39.0,0.08000000000000007
39.04,0.08000000000000007
39.08,0.08000000000000007
39.12,0.08000000000000007
39.160000000000004,0.08000000000000007
39.2,0.08000000000000007
39.24,0.08000000000000007
39.28,0.08000000000000007
39.32,0.08000000000000007
39.36,0.08000000000000007
39.4,0.08000000000000007
39.44,0.08000000000000007
39.480000000000004,0.08000000000000007
39.52,0.08000000000000007
39.56,0.08000000000000007
39.6,0.08000000000000007
39.64,0.08000000000000007
39.68,0.08000000000000007
39.72,0.08000000000000007
39.76,0.08000000000000007
39.800000000000004,0.08000000000000007
39.84,0.08000000000000007
39.88,0.08000000000000007
39.92,0.08000000000000007
39.96,0.08000000000000007
40.0,0.08000000000000007
40.04,0.08000000000000007
40.08,0.08000000000000007
40.12,0.08000000000000007
40.160000000000004,0.08000000000000007
40.2,0.08000000000000007
40.24,0.08000000000000007
40.28,0.08000000000000007
40.32,0.08000000000000007
40.36,0.08000000000000007
40.4,0.0
40.44,0.08000000000000007
40.480000000000004,0.08000000000000007
40.52,0.08000000000000007
40.56,0.08000000000000007
40.6,0.08000000000000007
40.64,0.08000000000000007
40.68,0.08000000000000007
40.72,0.08000000000000007
40.76,0.08000000000000007
40.800000000000004,0.08000000000000007
40.84,0.0
40.88,0.08000000000000007
40.92,0.08000000000000007
40.96,0.08000000000000007
41.0,0.08000000000000007
41.04,0.08000000000000007
41.08,0.08000000000000007
41.12,0.08000000000000007
41.160000000000004,0.08000000000000007
41.2,0.08000000000000007
41.24,0.08000000000000007
41.28,0.08000000000000007
41.32,0.08000000000000007
41.36,0.08000000000000007
41.4,0.08000000000000007
41.44,0.08000000000000007
41.480000000000004,0.08000000000000007
41.52,0.08000000000000007
41.56,0.08000000000000007
41.6,0.08000000000000007
41.64,0.08000000000000007
41.68,0.08000000000000007
41.72,0.08000000000000007
41.76,0.08000000000000007
41.800000000000004,0.08000000000000007
41.84,0.08000000000000007
41.88,0.08000000000000007
41.92,0.08000000000000007
41.96,0.08000000000000007
42.0,0.08000000000000007
42.04,0.08000000000000007
42.08,0.08000000000000007
42.12,0.08000000000000007
42.160000000000004,0.08000000000000007
42.2,0.08000000000000007
42.24,0.08000000000000007
42.28,0.08000000000000007
42.32,0.08000000000000007
42.36,0.08000000000000007
42.4,0.08000000000000007
42.44,0.08000000000000007
42.480000000000004,0.08000000000000007
42.52,0.08000000000000007
42.56,0.08000000000000007
42.6,0.08000000000000007
42.64,0.08000000000000007
42.68,0.08000000000000007
42.72,0.08000000000000007
42.76,0.08000000000000007
42.800000000000004,0.08000000000000007
42.84,0.08000000000000007
42.88,0.08000000000000007
42.92,0.08000000000000007
42.96,0.08000000000000007
43.0,0.08000000000000007
43.04,0.08000000000000007
43.08,0.08000000000000007
43.12,0.08000000000000007
43.160000000000004,0.08000000000000007
43.2,0.08000000000000007
43.24,0.08000000000000007
43.28,0.08000000000000007
43.32,0.08000000000000007
43.36,0.08000000000000007
43.4,0.08000000000000007
43.44,0.08000000000000007
43.480000000000004,0.08000000000000007
43.52,0.08000000000000007
43.56,0.08000000000000007
43.6,0.08000000000000007
43.64,0.08000000000000007
43.68,0.08000000000000007
43.72,0.08000000000000007
43.76,0.08000000000000007
43.800000000000004,0.08000000000000007
43.84,0.08000000000000007
43.88,0.08000000000000007
43.92,0.08000000000000007
43.96,0.08000000000000007
44.0,0.08000000000000007
44.04,0.08000000000000007
44.08,0.08000000000000007
44.12,0.08000000000000007
44.160000000000004,0.08000000000000007
44.2,0.08000000000000007
44.24,0.08000000000000007
44.28,0.08000000000000007
44.32,0.0
44.36,0.08000000000000007
44.4,0.08000000000000007
44.44,0.08000000000000007
44.480000000000004,0.0
44.52,0.08000000000000007
44.56,0.08000000000000007
44.6,0.08000000000000007
44.64,0.08000000000000007
44.68,0.08000000000000007
44.72,0.0
44.76,0.08000000000000007
44.800000000000004,0.08000000000000007
44.84,0.08000000000000007
44.88,0.08000000000000007
44.92,0.08000000000000007
44.96,0.08000000000000007
45.0,0.08000000000000007
45.04,0.08000000000000007
45.08,0.08000000000000007
45.12,0.08000000000000007
45.160000000000004,0.08000000000000007
45.2,0.08000000000000007
45.24,0.08000000000000007
45.28,0.08000000000000007
45.32,0.08000000000000007
45.36,0.08000000000000007
45.4,0.08000000000000007
45.44,0.08000000000000007
45.480000000000004,0.08000000000000007
45.52,0.08000000000000007
45.56,0.08000000000000007
45.6,0.08000000000000007
45.64,0.08000000000000007
45.68,0.08000000000000007
45.72,0.08000000000000007
45.76,0.08000000000000007
45.800000000000004,0.08000000000000007
45.84,0.08000000000000007
45.88,0.08000000000000007
45.92,0.08000000000000007
45.96,0.08000000000000007
46.0,0.08000000000000007
46.04,0.08000000000000007
46.08,0.08000000000000007
46.12,0.08000000000000007
46.160000000000004,0.08000000000000007
46.2,0.08000000000000007
46.24,0.08000000000000007
46.28,0.08000000000000007
46.32,0.08000000000000007
46.36,0.08000000000000007
46.4,0.08000000000000007
46.44,0.08000000000000007
46.480000000000004,0.08000000000000007
46.52,0.16000000000000014
46.56,0.08000000000000007
46.6,0.08000000000000007
46.64,0.08000000000000007
46.68,0.08000000000000007
46.72,0.08000000000000007
46.76,0.08000000000000007
46.800000000000004,0.08000000000000007
46.84,0.08000000000000007
46.88,0.08000000000000007
46.92,0.08000000000000007
46.96,0.08000000000000007
47.0,0.08000000000000007
47.04,0.08000000000000007
47.08,0.08000000000000007
47.12,0.08000000000000007
47.160000000000004,0.0
47.2,0.08000000000000007
47.24,0.08000000000000007
47.28,0.08000000000000007
47.32,0.08000000000000007
47.36,0.08000000000000007
47.4,0.08000000000000007
47.44,0.08000000000000007
47.480000000000004,0.08000000000000007
47.52,0.08000000000000007
47.56,0.08000000000000007
47.6,0.08000000000000007
47.64,0.08000000000000007
47.68,0.08000000000000007
47.72,0.08000000000000007
47.76,0.08000000000000007
47.800000000000004,0.08000000000000007
47.84,0.08000000000000007
47.88,0.08000000000000007
47.92,0.08000000000000007
47.96,0.08000000000000007
48.0,0.08000000000000007
48.04,0.08000000000000007
48.08,0.08000000000000007
48.120000000000005,0.08000000000000007
48.160000000000004,0.08000000000000007
48.2,0.08000000000000007
48.24,0.0
48.28,0.08000000000000007
48.32,0.0
48.36,0.08000000000000007
48.4,0.08000000000000007
48.44,0.08000000000000007
48.480000000000004,0.0
48.52,0.08000000000000007
48.56,0.08000000000000007
48.6,0.08000000000000007
48.64,0.08000000000000007
48.68,0.08000000000000007
48.72,0.08000000000000007
48.76,0.08000000000000007
48.800000000000004,0.08000000000000007
48.84,0.08000000000000007
48.88,0.08000000000000007
48.92,0.08000000000000007
48.96,0.08000000000000007
49.0,0.08000000000000007
49.04,0.08000000000000007
49.08,0.0
49.120000000000005,0.08000000000000007
49.160000000000004,0.08000000000000007
49.2,0.08000000000000007
49.24,0.0
49.28,0.08000000000000007
49.32,0.08000000000000007
49.36,0.08000000000000007
49.4,0.08000000000000007
49.44,0.08000000000000007
49.480000000000004,0.08000000000000007
49.52,0.08000000000000007
49.56,0.08000000000000007
49.6,0.08000000000000007
49.64,0.08000000000000007
49.68,0.08000000000000007
49.72,0.08000000000000007
49.76,0.08000000000000007
49.800000000000004,0.08000000000000007
49.84,0.08000000000000007
49.88,0.08000000000000007
49.92,0.0
49.96,0.08000000000000007
50.0,0.08000000000000007
50.04,0.08000000000000007
50.08,0.08000000000000007
50.120000000000005,0.08000000000000007
50.160000000000004,0.08000000000000007
50.2,0.08000000000000007
50.24,0.08000000000000007
50.28,0.08000000000000007
50.32,0.08000000000000007
50.36,0.08000000000000007
50.4,0.08000000000000007
50.44,0.08000000000000007
50.480000000000004,0.08000000000000007
50.52,0.0
50.56,0.08000000000000007
50.6,0.08000000000000007
50.64,0.08000000000000007
50.68,0.08000000000000007
50.72,0.08000000000000007
50.76,0.08000000000000007
50.800000000000004,0.08000000000000007
50.84,0.08000000000000007
50.88,0.08000000000000007
50.92,0.08000000000000007
50.96,0.0
51.0,0.08000000000000007
51.04,0.08000000000000007
51.08,0.08000000000000007
51.120000000000005,0.08000000000000007
51.160000000000004,0.08000000000000007
51.2,0.08000000000000007
51.24,0.08000000000000007
51.28,0.08000000000000007
51.32,0.16000000000000014
51.36,0.08000000000000007
51.4,0.08000000000000007
51.44,0.08000000000000007
51.480000000000004,0.0
51.52,0.0
51.56,0.08000000000000007
51.6,0.08000000000000007
51.64,0.08000000000000007
51.68,0.08000000000000007
51.72,0.08000000000000007
51.76,0.08000000000000007
51.800000000000004,0.0
51.84,0.08000000000000007
51.88,0.08000000000000007
51.92,0.08000000000000007
51.96,0.0
52.0,0.08000000000000007
52.04,0.08000000000000007
52.08,0.08000000000000007
52.120000000000005,0.08000000000000007
52.160000000000004,0.08000000000000007
52.2,0.08000000000000007
52.24,0.08000000000000007
52.28,0.08000000000000007
52.32,0.08000000000000007
52.36,0.08000000000000007
52.4,0.08000000000000007
52.44,0.08000000000000007
52.480000000000004,0.08000000000000007
52.52,0.08000000000000007
52.56,0.08000000000000007
52.6,0.08000000000000007
52.64,0.08000000000000007
52.68,0.08000000000000007
52.72,0.08000000000000007
52.76,0.08000000000000007
52.800000000000004,0.08000000000000007
52.84,0.08000000000000007
52.88,0.08000000000000007
52.92,0.08000000000000007
52.96,0.08000000000000007
53.0,0.08000000000000007
53.04,0.08000000000000007
53.08,0.0
53.120000000000005,0.08000000000000007
53.160000000000004,0.08000000000000007
53.2,0.08000000000000007
53.24,0.08000000000000007
53.28,0.08000000000000007
53.32,0.08000000000000007
53.36,0.0
53.4,0.08000000000000007
53.44,0.08000000000000007
53.480000000000004,0.08000000000000007
53.52,0.08000000000000007
53.56,0.08000000000000007
53.6,0.08000000000000007
53.64,0.08000000000000007
53.68,0.08000000000000007
53.72,0.08000000000000007
53.76,0.08000000000000007
53.800000000000004,0.08000000000000007
53.84,0.08000000000000007
53.88,0.08000000000000007
53.92,0.08000000000000007
53.96,0.08000000000000007
54.0,0.08000000000000007
54.04,0.08000000000000007
54.08,0.08000000000000007
54.120000000000005,0.08000000000000007
54.160000000000004,0.08000000000000007
54.2,0.08000000000000007
54.24,0.08000000000000007
54.28,0.08000000000000007
54.32,0.0
54.36,0.0
54.4,0.08000000000000007
54.44,0.08000000000000007
54.480000000000004,0.08000000000000007
54.52,0.08000000000000007
54.56,0.08000000000000007
54.6,0.08000000000000007
54.64,0.08000000000000007
54.68,0.08000000000000007
54.72,0.08000000000000007
54.76,0.08000000000000007
54.800000000000004,0.08000000000000007
54.84,0.08000000000000007
54.88,0.0
54.92,0.08000000000000007
54.96,0.08000000000000007
55.0,0.08000000000000007
55.04,0.08000000000000007
55.08,0.08000000000000007
55.120000000000005,0.08000000000000007
55.160000000000004,0.08000000000000007
55.2,0.08000000000000007
55.24,0.08000000000000007
55.28,0.08000000000000007
55.32,0.08000000000000007
55.36,0.08000000000000007
55.4,0.08000000000000007
55.44,0.08000000000000007
55.480000000000004,0.08000000000000007
55.52,0.08000000000000007
55.56,0.08000000000000007
55.6,0.08000000000000007
55.64,0.08000000000000007
55.68,0.08000000000000007
55.72,0.08000000000000007
55.76,0.08000000000000007
55.800000000000004,0.08000000000000007
55.84,0.08000000000000007
55.88,0.08000000000000007
55.92,0.08000000000000007
55.96,0.08000000000000007
56.0,0.08000000000000007
56.04,0.08000000000000007
56.08,0.0
56.120000000000005,0.0
56.160000000000004,0.08000000000000007
56.2,0.0
56.24,0.08000000000000007
56.28,0.08000000000000007
56.32,0.08000000000000007
56.36,0.08000000000000007
56.4,0.08000000000000007
56.44,0.08000000000000007
56.480000000000004,0.08000000000000007
56.52,0.08000000000000007
56.56,0.08000000000000007
56.6,0.08000000000000007
56.64,0.08000000000000007
56.68,0.08000000000000007
56.72,0.08000000000000007
56.76,0.08000000000000007
56.800000000000004,0.08000000000000007
56.84,0.08000000000000007
56.88,0.08000000000000007
56.92,0.08000000000000007
56.96,0.08000000000000007
57.0,0.08000000000000007
57.04,0.08000000000000007
57.08,0.08000000000000007
57.120000000000005,0.08000000000000007
57.160000000000004,0.0
57.2,0.08000000000000007
57.24,0.08000000000000007
57.28,0.08000000000000007
57.32,0.08000000000000007
57.36,0.08000000000000007
57.4,0.08000000000000007
57.44,0.08000000000000007
57.480000000000004,0.08000000000000007
57.52,0.08000000000000007
57.56,0.08000000000000007
57.6,0.08000000000000007
57.64,0.08000000000000007
57.68,0.08000000000000007
57.72,0.08000000000000007
57.76,0.08000000000000007
57.800000000000004,0.08000000000000007
57.84,0.08000000000000007
57.88,0.0
57.92,0.08000000000000007
57.96,0.08000000000000007
58.0,0.08000000000000007
58.04,0.08000000000000007
58.08,0.08000000000000007
58.120000000000005,0.08000000000000007
58.160000000000004,0.08000000000000007
58.2,0.08000000000000007
58.24,0.08000000000000007
58.28,0.08000000000000007
58.32,0.08000000000000007
58.36,0.08000000000000007
58.4,0.08000000000000007
58.44,0.08000000000000007
58.480000000000004,0.08000000000000007
58.52,0.08000000000000007
58.56,0.08000000000000007
58.6,0.08000000000000007
58.64,0.08000000000000007
58.68,0.08000000000000007
58.72,0.08000000000000007
58.76,0.08000000000000007
58.800000000000004,0.0
58.84,0.08000000000000007
58.88,0.0
58.92,0.08000000000000007
58.96,0.08000000000000007
59.0,0.08000000000000007
59.04,0.08000000000000007
59.08,0.08000000000000007
59.120000000000005,0.08000000000000007
59.160000000000004,0.08000000000000007
59.2,0.08000000000000007
59.24,0.08000000000000007
59.28,0.08000000000000007
59.32,0.08000000000000007
59.36,0.08000000000000007
59.4,0.08000000000000007
59.44,0.08000000000000007
59.480000000000004,0.08000000000000007
59.52,0.08000000000000007
59.56,0.08000000000000007
59.6,0.0
59.64,0.08000000000000007
59.68,0.08000000000000007
59.72,0.08000000000000007
59.76,0.08000000000000007
59.800000000000004,0.08000000000000007
59.84,0.08000000000000007
59.88,0.08000000000000007
59.92,0.08000000000000007
59.96,0.08000000000000007
60.0,0.08000000000000007
60.04,0.08000000000000007
60.08,0.0
60.120000000000005,0.08000000000000007
60.160000000000004,0.08000000000000007
60.2,0.08000000000000007
60.24,0.08000000000000007
60.28,0.08000000000000007
60.32,0.08000000000000007
60.36,0.08000000000000007
60.4,0.0
60.44,0.08000000000000007
60.480000000000004,0.08000000000000007
60.52,0.08000000000000007
60.56,0.08000000000000007
60.6,0.08000000000000007
60.64,0.08000000000000007
60.68,0.08000000000000007
60.72,0.08000000000000007
60.76,0.08000000000000007
60.800000000000004,0.08000000000000007
60.84,0.08000000000000007
60.88,0.08000000000000007
60.92,0.08000000000000007
60.96,0.08000000000000007
61.0,0.08000000000000007
61.04,0.0
61.08,0.08000000000000007
61.120000000000005,0.08000000000000007
61.160000000000004,0.08000000000000007
61.2,0.08000000000000007
61.24,0.08000000000000007
61.28,0.08000000000000007
61.32,0.08000000000000007
61.36,0.08000000000000007
61.4,0.08000000000000007
61.44,0.08000000000000007
61.480000000000004,0.0
61.52,0.08000000000000007
61.56,0.0
61.6,0.08000000000000007
61.64,0.08000000000000007
61.68,0.08000000000000007
61.72,0.08000000000000007
61.76,0.08000000000000007
61.800000000000004,0.08000000000000007
61.84,0.08000000000000007
61.88,0.08000000000000007
61.92,0.08000000000000007
61.96,0.08000000000000007
62.0,0.0
62.04,0.08000000000000007
62.08,0.0
62.120000000000005,0.08000000000000007
62.160000000000004,0.08000000000000007
62.2,0.08000000000000007
62.24,0.08000000000000007
62.28,0.08000000000000007
62.32,0.08000000000000007
62.36,0.0
62.4,0.08000000000000007
62.440000000000005,0.08000000000000007
62.480000000000004,0.08000000000000007
62.52,0.08000000000000007
62.56,0.08000000000000007
62.6,0.08000000000000007
62.64,0.08000000000000007
62.68,0.08000000000000007
62.72,0.08000000000000007
62.76,0.08000000000000007
62.800000000000004,0.08000000000000007
62.84,0.08000000000000007
62.88,0.08000000000000007
62.92,0.0
62.96,0.0
63.0,0.08000000000000007
63.04,0.08000000000000007
63.08,0.08000000000000007
63.120000000000005,0.08000000000000007
63.160000000000004,0.08000000000000007
63.2,0.08000000000000007
63.24,0.08000000000000007
63.28,0.08000000000000007
63.32,0.08000000000000007
63.36,0.08000000000000007
63.4,0.08000000000000007
63.440000000000005,0.08000000000000007
63.480000000000004,0.08000000000000007
63.52,0.08000000000000007
63.56,0.08000000000000007
63.6,0.08000000000000007
63.64,0.08000000000000007
63.68,0.08000000000000007
63.72,0.08000000000000007
63.76,0.08000000000000007
63.800000000000004,0.08000000000000007
63.84,0.08000000000000007
63.88,0.08000000000000007
63.92,0.08000000000000007
63.96,0.08000000000000007
64.0,0.08000000000000007
64.04,0.08000000000000007
64.08,0.08000000000000007
64.12,0.08000000000000007
64.16,0.08000000000000007
64.2,0.08000000000000007
64.24,0.08000000000000007
64.28,0.08000000000000007
64.32000000000001,0.08000000000000007
64.36,0.08000000000000007
64.4,0.08000000000000007
64.44,0.08000000000000007
64.48,0.08000000000000007
64.52,0.08000000000000007
64.56,0.08000000000000007
64.6,0.08000000000000007
64.64,0.08000000000000007
64.68,0.08000000000000007
64.72,0.08000000000000007
64.76,0.08000000000000007
64.8,0.08000000000000007
64.84,0.08000000000000007
64.88,0.08000000000000007
64.92,0.08000000000000007
64.96000000000001,0.08000000000000007
65.0,0.08000000000000007
65.04,0.08000000000000007
65.08,0.08000000000000007
65.12,0.08000000000000007
65.16,0.08000000000000007
65.2,0.08000000000000007
65.24,0.08000000000000007
65.28,0.08000000000000007
65.32000000000001,0.08000000000000007
65.36,0.08000000000000007
65.4,0.0
65.44,0.08000000000000007
65.48,0.08000000000000007
65.52,0.08000000000000007
65.56,0.08000000000000007
65.6,0.08000000000000007
65.64,0.08000000000000007
65.68,0.08000000000000007
65.72,0.08000000000000007
65.76,0.08000000000000007
65.8,0.08000000000000007
65.84,0.0
65.88,0.08000000000000007
65.92,0.08000000000000007
65.96000000000001,0.08000000000000007
66.0,0.08000000000000007
66.04,0.08000000000000007
66.08,0.08000000000000007
66.12,0.08000000000000007
66.16,0.08000000000000007
66.2,0.08000000000000007
66.24,0.08000000000000007
66.28,0.0
66.32000000000001,0.08000000000000007
66.36,0.08000000000000007
66.4,0.08000000000000007
66.44,0.08000000000000007
66.48,0.08000000000000007
66.52,0.08000000000000007
66.56,0.08000000000000007
66.6,0.08000000000000007
66.64,0.08000000000000007
66.68,0.08000000000000007
66.72,0.08000000000000007
66.76,0.08000000000000007
66.8,0.08000000000000007
66.84,0.08000000000000007
66.88,0.08000000000000007
66.92,0.08000000000000007
66.96000000000001,0.08000000000000007
67.0,0.08000000000000007
67.04,0.08000000000000007
67.08,0.08000000000000007
67.12,0.08000000000000007
67.16,0.08000000000000007
67.2,0.08000000000000007
67.24,0.08000000000000007
67.28,0.08000000000000007
67.32000000000001,0.08000000000000007
67.36,0.08000000000000007
67.4,0.08000000000000007
67.44,0.08000000000000007
67.48,0.08000000000000007
67.52,0.16000000000000014
67.56,0.08000000000000007
67.6,0.08000000000000007
67.64,0.08000000000000007
67.68,0.08000000000000007
67.72,0.08000000000000007
67.76,0.08000000000000007
67.8,0.08000000000000007
67.84,0.08000000000000007
67.88,0.08000000000000007
67.92,0.08000000000000007
67.96000000000001,0.08000000000000007
68.0,0.08000000000000007
68.04,0.08000000000000007
68.08,0.08000000000000007
68.12,0.08000000000000007
68.16,0.08000000000000007
68.2,0.08000000000000007
68.24,0.08000000000000007
68.28,0.08000000000000007
68.32000000000001,0.08000000000000007
68.36,0.08000000000000007
68.4,0.08000000000000007
68.44,0.0
68.48,0.08000000000000007
68.52,0.08000000000000007
68.56,0.08000000000000007
68.60000000000001,0.08000000000000007
68.64,0.08000000000000007
68.68,0.08000000000000007
68.72,0.08000000000000007
68.76,0.08000000000000007
68.8,0.08000000000000007
68.84,0.08000000000000007
68.88,0.08000000000000007
68.92,0.08000000000000007
68.96000000000001,0.08000000000000007
69.0,0.08000000000000007
69.04,0.08000000000000007
69.08,0.08000000000000007
69.12,0.08000000000000007
69.16,0.08000000000000007
69.2,0.08000000000000007
69.24,0.08000000000000007
69.28,0.08000000000000007
69.32000000000001,0.08000000000000007
69.36,0.08000000000000007
69.4,0.08000000000000007
69.44,0.08000000000000007
69.48,0.08000000000000007
69.52,0.08000000000000007
69.56,0.08000000000000007
69.60000000000001,0.08000000000000007
69.64,0.08000000000000007
69.68,0.0
69.72,0.08000000000000007
69.76,0.08000000000000007
69.8,0.08000000000000007
69.84,0.08000000000000007
69.88,0.0
69.92,0.08000000000000007
69.96000000000001,0.08000000000000007
70.0,0.08000000000000007
70.04,0.08000000000000007
70.08,0.08000000000000007
70.12,0.08000000000000007
70.16,0.08000000000000007
70.2,0.08000000000000007
70.24,0.08000000000000007
70.28,0.08000000000000007
70.32000000000001,0.08000000000000007
70.36,0.08000000000000007
70.4,0.08000000000000007
70.44,0.0
70.48,0.08000000000000007
70.52,0.08000000000000007
70.56,0.08000000000000007
70.60000000000001,0.0
70.64,0.08000000000000007
70.68,0.08000000000000007
70.72,0.08000000000000007
70.76,0.08000000000000007
70.8,0.08000000000000007
70.84,0.08000000000000007
70.88,0.08000000000000007
70.92,0.08000000000000007
70.96000000000001,0.08000000000000007
71.0,0.08000000000000007
71.04,0.08000000000000007
71.08,0.08000000000000007
71.12,0.08000000000000007
71.16,0.08000000000000007
71.2,0.08000000000000007
71.24,0.08000000000000007
71.28,0.08000000000000007
71.32000000000001,0.08000000000000007
71.36,0.08000000000000007
71.4,0.08000000000000007
71.44,0.08000000000000007
71.48,0.0
71.52,0.08000000000000007
71.56,0.08000000000000007
71.60000000000001,0.08000000000000007
71.64,0.08000000000000007
71.68,0.08000000000000007
71.72,0.08000000000000007
71.76,0.08000000000000007
71.8,0.08000000000000007
71.84,0.08000000000000007
71.88,0.08000000000000007
71.92,0.08000000000000007
71.96000000000001,0.08000000000000007
72.0,0.08000000000000007
72.04,0.08000000000000007
72.08,0.08000000000000007
72.12,0.08000000000000007
72.16,0.08000000000000007
72.2,0.08000000000000007
72.24,0.08000000000000007
72.28,0.08000000000000007
72.32000000000001,0.08000000000000007
72.36,0.08000000000000007
72.4,0.08000000000000007
72.44,0.08000000000000007
72.48,0.08000000000000007
72.52,0.08000000000000007
72.56,0.08000000000000007
72.60000000000001,0.08000000000000007
72.64,0.0
72.68,0.08000000000000007
72.72,0.08000000000000007
72.76,0.08000000000000007
72.8,0.08000000000000007
72.84,0.08000000000000007
72.88,0.08000000000000007
72.92,0.08000000000000007
72.96000000000001,0.08000000000000007
73.0,0.08000000000000007
73.04,0.08000000000000007
73.08,0.08000000000000007
73.12,0.08000000000000007
73.16,0.08000000000000007
73.2,0.08000000000000007
73.24,0.08000000000000007
73.28,0.08000000000000007
73.32000000000001,0.08000000000000007
73.36,0.08000000000000007
73.4,0.08000000000000007
73.44,0.08000000000000007
73.48,0.08000000000000007
73.52,0.08000000000000007
73.56,0.08000000000000007
73.60000000000001,0.08000000000000007
73.64,0.08000000000000007
73.68,0.08000000000000007
73.72,0.08000000000000007
73.76,0.08000000000000007
73.8,0.08000000000000007
73.84,0.0
73.88,0.08000000000000007
73.92,0.08000000000000007
73.96000000000001,0.08000000000000007
74.0,0.08000000000000007
74.04,0.08000000000000007
74.08,0.08000000000000007
74.12,0.08000000000000007
74.16,0.08000000000000007
74.2,0.08000000000000007
74.24,0.08000000000000007
74.28,0.08000000000000007
74.32000000000001,0.08000000000000007
74.36,0.08000000000000007
74.4,0.08000000000000007
74.44,0.0
74.48,0.08000000000000007
74.52,0.08000000000000007
74.56,0.08000000000000007
74.60000000000001,0.08000000000000007
74.64,0.08000000000000007
74.68,0.08000000000000007
74.72,0.08000000000000007
74.76,0.08000000000000007
74.8,0.08000000000000007
74.84,0.08000000000000007
74.88,0.08000000000000007
74.92,0.08000000000000007
74.96000000000001,0.08000000000000007
75.0,0.0
75.04,0.08000000000000007
75.08,0.08000000000000007
75.12,0.08000000000000007
75.16,0.08000000000000007
75.2,0.08000000000000007
75.24,0.08000000000000007
75.28,0.08000000000000007
75.32000000000001,0.08000000000000007
75.36,0.08000000000000007
75.4,0.08000000000000007
75.44,0.08000000000000007
75.48,0.08000000000000007
75.52,0.08000000000000007
75.56,0.08000000000000007
75.60000000000001,0.08000000000000007
75.64,0.08000000000000007
75.68,0.08000000000000007
75.72,0.0
75.76,0.08000000000000007
75.8,0.08000000000000007
75.84,0.08000000000000007
75.88,0.08000000000000007
75.92,0.08000000000000007
75.96000000000001,0.08000000000000007
76.0,0.08000000000000007
76.04,0.0
76.08,0.0
76.12,0.08000000000000007
76.16,0.08000000000000007
76.2,0.08000000000000007
76.24,0.08000000000000007
76.28,0.08000000000000007
76.32000000000001,0.08000000000000007
76.36,0.08000000000000007
76.4,0.08000000000000007
76.44,0.08000000000000007
76.48,0.08000000000000007
76.52,0.08000000000000007
76.56,0.08000000000000007
76.60000000000001,0.08000000000000007
76.64,0.08000000000000007
76.68,0.08000000000000007
76.72,0.08000000000000007
76.76,0.08000000000000007
76.8,0.08000000000000007
76.84,0.08000000000000007
76.88,0.08000000000000007
76.92,0.08000000000000007
76.96000000000001,0.08000000000000007
77.0,0.08000000000000007
77.04,0.08000000000000007
77.08,0.08000000000000007
77.12,0.08000000000000007
77.16,0.08000000000000007
77.2,0.08000000000000007
77.24,0.08000000000000007
77.28,0.0
77.32000000000001,0.08000000000000007
77.36,0.08000000000000007
77.4,0.08000000000000007
77.44,0.08000000000000007
77.48,0.08000000000000007
77.52,0.08000000000000007
77.56,0.08000000000000007
77.60000000000001,0.08000000000000007
77.64,0.08000000000000007
77.68,0.08000000000000007
77.72,0.08000000000000007
77.76,0.08000000000000007
77.8,0.08000000000000007
77.84,0.08000000000000007
77.88,0.08000000000000007
77.92,0.08000000000000007
77.96000000000001,0.08000000000000007
78.0,0.08000000000000007
78.04,0.08000000000000007
78.08,0.08000000000000007
78.12,0.08000000000000007
78.16,0.08000000000000007
78.2,0.08000000000000007
78.24,0.08000000000000007
78.28,0.08000000000000007
78.32000000000001,0.08000000000000007
78.36,0.08000000000000007
78.4,0.08000000000000007
78.44,0.08000000000000007
78.48,0.08000000000000007
78.52,0.08000000000000007
78.56,0.08000000000000007
78.60000000000001,0.08000000000000007
78.64,0.08000000000000007
78.68,0.08000000000000007
78.72,0.08000000000000007
78.76,0.08000000000000007
78.8,0.08000000000000007
78.84,0.08000000000000007
78.88,0.08000000000000007
78.92,0.08000000000000007
78.96000000000001,0.08000000000000007
79.0,0.08000000000000007
79.04,0.08000000000000007
79.08,0.08000000000000007
79.12,0.08000000000000007
79.16,0.08000000000000007
79.2,0.08000000000000007
79.24,0.08000000000000007
79.28,0.08000000000000007
79.32000000000001,0.0
79.36,0.08000000000000007
79.4,0.08000000000000007
79.44,0.08000000000000007
79.48,0.08000000000000007
79.52,0.08000000000000007
79.56,0.08000000000000007
79.60000000000001,0.08000000000000007
79.64,0.08000000000000007
79.68,0.08000000000000007
79.72,0.08000000000000007
79.76,0.08000000000000007
79.8,0.08000000000000007
79.84,0.08000000000000007
79.88,0.08000000000000007
79.92,0.08000000000000007
79.96000000000001,0.08000000000000007
80.0,0.08000000000000007
80.04,0.08000000000000007
80.08,0.08000000000000007
80.12,0.08000000000000007
80.16,0.08000000000000007
80.2,0.08000000000000007
80.24,0.08000000000000007
80.28,0.08000000000000007
80.32000000000001,0.08000000000000007
80.36,0.08000000000000007
80.4,0.08000000000000007
80.44,0.08000000000000007
80.48,0.08000000000000007
80.52,0.08000000000000007
80.56,0.08000000000000007
80.60000000000001,0.08000000000000007
80.64,0.08000000000000007
80.68,0.08000000000000007
80.72,0.08000000000000007
80.76,0.08000000000000007
80.8,0.08000000000000007
80.84,0.08000000000000007
80.88,0.08000000000000007
80.92,0.08000000000000007
80.96000000000001,0.08000000000000007
81.0,0.08000000000000007
81.04,0.08000000000000007
81.08,0.08000000000000007
81.12,0.08000000000000007
81.16,0.08000000000000007
81.2,0.08000000000000007
81.24,0.08000000000000007
81.28,0.0
81.32000000000001,0.08000000000000007
81.36,0.08000000000000007
81.4,0.08000000000000007
81.44,0.0
81.48,0.08000000000000007
81.52,0.08000000000000007
81.56,0.08000000000000007
81.60000000000001,0.08000000000000007
81.64,0.08000000000000007
81.68,0.08000000000000007
81.72,0.08000000000000007
81.76,0.08000000000000007
81.8,0.08000000000000007
81.84,0.08000000000000007
81.88,0.16000000000000014
81.92,0.08000000000000007
81.96000000000001,0.16000000000000014
82.0,0.08000000000000007
82.04,0.08000000000000007
82.08,0.08000000000000007
82.12,0.08000000000000007
82.16,0.08000000000000007
82.2,0.08000000000000007
82.24,0.0
82.28,0.08000000000000007
82.32000000000001,0.08000000000000007
82.36,0.08000000000000007
82.4,0.08000000000000007
82.44,0.08000000000000007
82.48,0.08000000000000007
82.52,0.0
82.56,0.08000000000000007
82.60000000000001,0.08000000000000007
82.64,0.08000000000000007
82.68,0.08000000000000007
82.72,0.08000000000000007
82.76,0.08000000000000007
82.8,0.08000000000000007
82.84,0.08000000000000007
82.88,0.08000000000000007
82.92,0.0
82.96000000000001,0.08000000000000007
83.0,0.08000000000000007
83.04,0.08000000000000007
83.08,0.08000000000000007
83.12,0.08000000000000007
83.16,0.08000000000000007
83.2,0.08000000000000007
83.24,0.08000000000000007
83.28,0.08000000000000007
83.32000000000001,0.08000000000000007
83.36,0.08000000000000007
83.4,0.08000000000000007
83.44,0.08000000000000007
83.48,0.08000000000000007
83.52,0.08000000000000007
83.56,0.08000000000000007
83.60000000000001,0.08000000000000007
83.64,0.08000000000000007
83.68,0.08000000000000007
83.72,0.08000000000000007
83.76,0.08000000000000007
83.8,0.0
83.84,0.08000000000000007
83.88,0.16000000000000014
83.92,0.08000000000000007
83.96000000000001,0.08000000000000007
84.0,0.08000000000000007
84.04,0.08000000000000007
84.08,0.08000000000000007
84.12,0.08000000000000007
84.16,0.08000000000000007
84.2,0.08000000000000007
84.24,0.08000000000000007
84.28,0.08000000000000007
84.32000000000001,0.08000000000000007
84.36,0.08000000000000007
84.4,0.08000000000000007
84.44,0.08000000000000007
84.48,0.08000000000000007
84.52,0.08000000000000007
84.56,0.08000000000000007
84.60000000000001,0.08000000000000007
84.64,0.08000000000000007
84.68,0.08000000000000007
84.72,0.08000000000000007
84.76,0.08000000000000007
84.8,0.08000000000000007
84.84,0.08000000000000007
84.88,0.0
84.92,0.08000000000000007
84.96000000000001,0.08000000000000007
85.0,0.08000000000000007
85.04,0.08000000000000007
85.08,0.08000000000000007
85.12,0.08000000000000007
85.16,0.08000000000000007
85.2,0.08000000000000007
85.24,0.08000000000000007
85.28,0.08000000000000007
85.32000000000001,0.08000000000000007
85.36,0.08000000000000007
85.4,0.08000000000000007
85.44,0.08000000000000007
85.48,0.08000000000000007
85.52,0.0
85.56,0.08000000000000007
85.60000000000001,0.08000000000000007
85.64,0.08000000000000007
85.68,0.08000000000000007
85.72,0.08000000000000007
85.76,0.08000000000000007
85.8,0.08000000000000007
85.84,0.08000000000000007
85.88,0.08000000000000007
85.92,0.0
85.96000000000001,0.08000000000000007
86.0,0.08000000000000007
86.04,0.08000000000000007
86.08,0.08000000000000007
86.12,0.08000000000000007
86.16,0.16000000000000014
86.2,0.08000000000000007
86.24,0.08000000000000007
86.28,0.08000000000000007
86.32000000000001,0.08000000000000007
86.36,0.08000000000000007
86.4,0.08000000000000007
86.44,0.08000000000000007
86.48,0.08000000000000007
86.52,0.08000000000000007
86.56,0.08000000000000007
86.60000000000001,0.08000000000000007
86.64,0.08000000000000007
86.68,0.08000000000000007
86.72,0.08000000000000007
86.76,0.0
86.8,0.08000000000000007
86.84,0.08000000000000007
86.88,0.08000000000000007
86.92,0.08000000000000007
86.96000000000001,0.08000000000000007
87.0,0.08000000000000007
87.04,0.08000000000000007
87.08,0.08000000000000007
87.12,0.08000000000000007
87.16,0.08000000000000007
87.2,0.08000000000000007
87.24,0.08000000000000007
87.28,0.08000000000000007
87.32000000000001,0.0
87.36,0.08000000000000007
87.4,0.08000000000000007
87.44,0.08000000000000007
87.48,0.08000000000000007
87.52,0.08000000000000007
87.56,0.08000000000000007
87.60000000000001,0.08000000000000007
87.64,0.08000000000000007
87.68,0.0
87.72,0.08000000000000007
87.76,0.08000000000000007
87.8,0.08000000000000007
87.84,0.08000000000000007
87.88,0.08000000000000007
87.92,0.08000000000000007
87.96000000000001,0.08000000000000007
88.0,0.08000000000000007
88.04,0.08000000000000007
88.08,0.08000000000000007
88.12,0.08000000000000007
88.16,0.08000000000000007
88.2,0.08000000000000007
88.24,0.08000000000000007
88.28,0.08000000000000007
88.32000000000001,0.08000000000000007
88.36,0.08000000000000007
88.4,0.08000000000000007
88.44,0.08000000000000007
88.48,0.08000000000000007
88.52,0.08000000000000007
88.56,0.08000000000000007
88.60000000000001,0.08000000000000007
88.64,0.08000000000000007
88.68,0.08000000000000007
88.72,0.08000000000000007
88.76,0.08000000000000007
88.8,0.08000000000000007
88.84,0.08000000000000007
88.88,0.08000000000000007
88.92,0.08000000000000007
88.96000000000001,0.08000000000000007
89.0,0.08000000000000007
89.04,0.08000000000000007
89.08,0.08000000000000007
89.12,0.08000000000000007
89.16,0.08000000000000007
89.2,0.08000000000000007
89.24,0.08000000000000007
89.28,0.08000000000000007
89.32000000000001,0.08000000000000007
89.36,0.08000000000000007
89.4,0.08000000000000007
89.44,0.08000000000000007
89.48,0.08000000000000007
89.52,0.08000000000000007
89.56,0.08000000000000007
89.60000000000001,0.08000000000000007
89.64,0.08000000000000007
89.68,0.08000000000000007
89.72,0.08000000000000007
89.76,0.08000000000000007
89.8,0.08000000000000007
89.84,0.08000000000000007
89.88,0.08000000000000007
89.92,0.08000000000000007
89.96000000000001,0.08000000000000007
90.0,0.08000000000000007
90.04,0.08000000000000007
90.08,0.08000000000000007
90.12,0.08000000000000007
90.16,0.08000000000000007
90.2,0.08000000000000007
90.24,0.08000000000000007
90.28,0.08000000000000007
90.32000000000001,0.08000000000000007
90.36,0.08000000000000007
90.4,0.08000000000000007
90.44,0.08000000000000007
90.48,0.08000000000000007
90.52,0.08000000000000007
90.56,0.08000000000000007
90.60000000000001,0.08000000000000007
90.64,0.08000000000000007
90.68,0.08000000000000007
90.72,0.08000000000000007
90.76,0.08000000000000007
90.8,0.08000000000000007
90.84,0.08000000000000007
90.88,0.08000000000000007
90.92,0.08000000000000007
90.96000000000001,0.08000000000000007
91.0,0.08000000000000007
91.04,0.08000000000000007
91.08,0.08000000000000007
91.12,0.08000000000000007
91.16,0.08000000000000007
91.2,0.08000000000000007
91.24,0.0
91.28,0.08000000000000007
91.32000000000001,0.08000000000000007
91.36,0.08000000000000007
91.4,0.08000000000000007
91.44,0.08000000000000007
91.48,0.08000000000000007
91.52,0.08000000000000007
91.56,0.08000000000000007
91.60000000000001,0.08000000000000007
91.64,0.08000000000000007
91.68,0.08000000000000007
91.72,0.08000000000000007
91.76,0.08000000000000007
91.8,0.08000000000000007
91.84,0.08000000000000007
91.88,0.08000000000000007
91.92,0.08000000000000007
91.96000000000001,0.08000000000000007
92.0,0.08000000000000007
92.04,0.08000000000000007
92.08,0.08000000000000007
92.12,0.08000000000000007
92.16,0.08000000000000007
92.2,0.08000000000000007
92.24,0.0
92.28,0.08000000000000007
92.32000000000001,0.08000000000000007
92.36,0.08000000000000007
92.4,0.08000000000000007
92.44,0.08000000000000007
92.48,0.08000000000000007
92.52,0.08000000000000007
92.56,0.08000000000000007
92.60000000000001,0.08000000000000007
92.64,0.08000000000000007
92.68,0.08000000000000007
92.72,0.08000000000000007
92.76,0.0
92.8,0.08000000000000007
92.84,0.08000000000000007
92.88,0.08000000000000007
92.92,0.08000000000000007
92.96000000000001,0.08000000000000007
93.0,0.0
93.04,0.08000000000000007
93.08,0.08000000000000007
93.12,0.08000000000000007
93.16,0.08000000000000007
93.2,0.0
93.24,0.08000000000000007
93.28,0.08000000000000007
93.32000000000001,0.08000000000000007
93.36,0.08000000000000007
93.4,0.08000000000000007
93.44,0.08000000000000007
93.48,0.08000000000000007
93.52,0.0
93.56,0.08000000000000007
93.60000000000001,0.08000000000000007
93.64,0.08000000000000007
93.68,0.16000000000000014
93.72,0.08000000000000007
93.76,0.08000000000000007
93.8,0.08000000000000007
93.84,0.08000000000000007
93.88,0.08000000000000007
93.92,0.08000000000000007
93.96000000000001,0.08000000000000007
94.0,0.08000000000000007
94.04,0.16000000000000014
94.08,0.08000000000000007
94.12,0.08000000000000007
94.16,0.08000000000000007
94.2,0.08000000000000007
94.24,0.08000000000000007
94.28,0.08000000000000007
94.32000000000001,0.08000000000000007
94.36,0.08000000000000007
94.4,0.08000000000000007
94.44,0.08000000000000007
94.48,0.08000000000000007
94.52,0.08000000000000007
94.56,0.08000000000000007
94.60000000000001,0.16000000000000014
94.64,0.0
94.68,0.08000000000000007
94.72,0.08000000000000007
94.76,0.08000000000000007
94.8,0.08000000000000007
94.84,0.08000000000000007
94.88,0.08000000000000007
94.92,0.16000000000000014
94.96000000000001,0.08000000000000007
95.0,0.08000000000000007
95.04,0.08000000000000007
95.08,0.08000000000000007
95.12,0.08000000000000007
95.16,0.08000000000000007
95.2,0.08000000000000007
95.24,0.08000000000000007
95.28,0.08000000000000007
95.32000000000001,0.08000000000000007
95.36,0.08000000000000007
95.4,0.08000000000000007
95.44,0.08000000000000007
95.48,0.08000000000000007
95.52,0.08000000000000007
95.56,0.08000000000000007
95.60000000000001,0.08000000000000007
95.64,0.08000000000000007
95.68,0.08000000000000007
95.72,0.08000000000000007
95.76,0.08000000000000007
95.8,0.08000000000000007
95.84,0.08000000000000007
95.88,0.08000000000000007
95.92,0.0
95.96000000000001,0.08000000000000007
96.0,0.08000000000000007
96.04,0.08000000000000007
96.08,0.08000000000000007
96.12,0.08000000000000007
96.16,0.08000000000000007
96.2,0.08000000000000007
96.24000000000001,0.08000000000000007
96.28,0.08000000000000007
96.32000000000001,0.08000000000000007
96.36,0.08000000000000007
96.4,0.08000000000000007
96.44,0.08000000000000007
96.48,0.08000000000000007
96.52,0.08000000000000007
96.56,0.08000000000000007
96.60000000000001,0.08000000000000007
96.64,0.08000000000000007
96.68,0.08000000000000007
96.72,0.08000000000000007
96.76,0.08000000000000007
96.8,0.08000000000000007
96.84,0.08000000000000007
96.88,0.08000000000000007
96.92,0.08000000000000007
96.96000000000001,0.08000000000000007
97.0,0.08000000000000007
97.04,0.08000000000000007
97.08,0.08000000000000007
97.12,0.08000000000000007
97.16,0.08000000000000007
97.2,0.08000000000000007
97.24000000000001,0.08000000000000007
97.28,0.08000000000000007
97.32000000000001,0.08000000000000007
97.36,0.08000000000000007
97.4,0.08000000000000007
97.44,0.08000000000000007
97.48,0.08000000000000007
97.52,0.08000000000000007
97.56,0.08000000000000007
97.60000000000001,0.0
97.64,0.0
97.68,0.08000000000000007
97.72,0.08000000000000007
97.76,0.08000000000000007
97.8,0.08000000000000007
97.84,0.08000000000000007
97.88,0.08000000000000007
97.92,0.08000000000000007
97.96000000000001,0.08000000000000007
98.0,0.08000000000000007
98.04,0.08000000000000007
98.08,0.08000000000000007
98.12,0.08000000000000007
98.16,0.08000000000000007
98.2,0.0
98.24000000000001,0.08000000000000007
98.28,0.0
98.32000000000001,0.08000000000000007
98.36,0.08000000000000007
98.4,0.08000000000000007
98.44,0.08000000000000007
98.48,0.08000000000000007
98.52,0.08000000000000007
98.56,0.08000000000000007
98.60000000000001,0.08000000000000007
98.64,0.08000000000000007
98.68,0.08000000000000007
98.72,0.16000000000000014
98.76,0.0
98.8,0.08000000000000007
98.84,0.08000000000000007
98.88,0.08000000000000007
98.92,0.08000000000000007
98.96000000000001,0.08000000000000007
99.0,0.08000000000000007
99.04,0.08000000000000007
99.08,0.08000000000000007
99.12,0.08000000000000007
99.16,0.08000000000000007
99.2,0.08000000000000007
99.24000000000001,0.08000000000000007
99.28,0.08000000000000007
99.32000000000001,0.08000000000000007
99.36,0.08000000000000007
99.4,0.08000000000000007
99.44,0.08000000000000007
99.48,0.08000000000000007
99.52,0.08000000000000007
99.56,0.08000000000000007
99.60000000000001,0.08000000000000007
99.64,0.08000000000000007
99.68,0.08000000000000007
99.72,0.08000000000000007
99.76,0.08000000000000007
99.8,0.08000000000000007
99.84,0.08000000000000007
99.88,0.08000000000000007
99.92,0.08000000000000007
99.96000000000001,0.08000000000000007
100.0,0.16000000000000014
100.04,0.08000000000000007
100.08,0.08000000000000007
100.12,0.08000000000000007
100.16,0.08000000000000007
100.2,0.08000000000000007
100.24000000000001,0.08000000000000007
100.28,0.08000000000000007
100.32000000000001,0.08000000000000007
100.36,0.0
100.4,0.08000000000000007
100.44,0.08000000000000007
100.48,0.0
100.52,0.08000000000000007
100.56,0.08000000000000007
100.60000000000001,0.08000000000000007
100.64,0.08000000000000007
100.68,0.08000000000000007
100.72,0.08000000000000007
100.76,0.08000000000000007
100.8,0.08000000000000007
100.84,0.08000000000000007
100.88,0.08000000000000007
100.92,0.08000000000000007
100.96000000000001,0.08000000000000007
101.0,0.08000000000000007
101.04,0.08000000000000007
101.08,0.08000000000000007
101.12,0.16000000000000014
101.16,0.08000000000000007
101.2,0.08000000000000007
101.24000000000001,0.08000000000000007
101.28,0.08000000000000007
101.32000000000001,0.08000000000000007
101.36,0.08000000000000007
101.4,0.0
101.44,0.08000000000000007
101.48,0.08000000000000007
101.52,0.08000000000000007
101.56,0.08000000000000007
101.60000000000001,0.08000000000000007
101.64,0.08000000000000007
101.68,0.0
101.72,0.08000000000000007
101.76,0.08000000000000007
101.8,0.08000000000000007
101.84,0.08000000000000007
101.88,0.08000000000000007
101.92,0.08000000000000007
101.96000000000001,0.08000000000000007
102.0,0.08000000000000007
102.04,0.08000000000000007
102.08,0.08000000000000007
102.12,0.08000000000000007
102.16,0.08000000000000007
102.2,0.08000000000000007
102.24000000000001,0.08000000000000007
102.28,0.08000000000000007
102.32000000000001,0.08000000000000007
102.36,0.08000000000000007
102.4,0.08000000000000007
102.44,0.08000000000000007
102.48,0.08000000000000007
102.52,0.08000000000000007
102.56,0.0
102.60000000000001,0.08000000000000007
102.64,0.08000000000000007
102.68,0.08000000000000007
102.72,0.08000000000000007
102.76,0.08000000000000007
102.8,0.08000000000000007
102.84,0.08000000000000007
102.88,0.08000000000000007
102.92,0.08000000000000007
102.96000000000001,0.08000000000000007
103.0,0.08000000000000007
103.04,0.08000000000000007
103.08,0.08000000000000007
103.12,0.08000000000000007
103.16,0.08000000000000007
103.2,0.08000000000000007
103.24000000000001,0.08000000000000007
103.28,0.08000000000000007
103.32000000000001,0.08000000000000007
103.36,0.08000000000000007
103.4,0.08000000000000007
103.44,0.08000000000000007
103.48,0.08000000000000007
103.52,0.08000000000000007
103.56,0.08000000000000007
103.60000000000001,0.08000000000000007
103.64,0.08000000000000007
103.68,0.08000000000000007
103.72,0.08000000000000007
103.76,0.08000000000000007
103.8,0.08000000000000007
103.84,0.08000000000000007
103.88,0.08000000000000007
103.92,0.08000000000000007
103.96000000000001,0.08000000000000007
104.0,0.08000000000000007
104.04,0.08000000000000007
104.08,0.08000000000000007
104.12,0.08000000000000007
104.16,0.08000000000000007
104.2,0.08000000000000007
104.24000000000001,0.08000000000000007
104.28,0.08000000000000007
104.32000000000001,0.08000000000000007
104.36,0.08000000000000007
104.4,0.08000000000000007
104.44,0.08000000000000007
104.48,0.08000000000000007
104.52,0.08000000000000007
104.56,0.08000000000000007
104.60000000000001,0.08000000000000007
104.64,0.08000000000000007
104.68,0.08000000000000007
104.72,0.08000000000000007
104.76,0.08000000000000007
104.8,0.16000000000000014
104.84,0.08000000000000007
104.88,0.08000000000000007
104.92,0.08000000000000007
104.96000000000001,0.08000000000000007
105.0,0.08000000000000007
105.04,0.08000000000000007
105.08,0.08000000000000007
105.12,0.08000000000000007
105.16,0.0
105.2,0.08000000000000007
105.24000000000001,0.08000000000000007
105.28,0.0
105.32000000000001,0.08000000000000007
105.36,0.08000000000000007
105.4,0.08000000000000007
105.44,0.08000000000000007
105.48,0.08000000000000007
105.52,0.08000000000000007
105.56,0.08000000000000007
105.60000000000001,0.08000000000000007
105.64,0.08000000000000007
105.68,0.08000000000000007
105.72,0.08000000000000007
105.76,0.08000000000000007
105.8,0.0
105.84,0.08000000000000007
105.88,0.08000000000000007
105.92,0.08000000000000007
105.96000000000001,0.08000000000000007
106.0,0.08000000000000007
106.04,0.0
106.08,0.08000000000000007
106.12,0.08000000000000007
106.16,0.08000000000000007
106.2,0.08000000000000007
106.24000000000001,0.08000000000000007
106.28,0.08000000000000007
106.32000000000001,0.08000000000000007
106.36,0.08000000000000007
106.4,0.08000000000000007
106.44,0.08000000000000007
106.48,0.08000000000000007
106.52,0.08000000000000007
106.56,0.08000000000000007
106.60000000000001,0.08000000000000007
106.64,0.08000000000000007
106.68,0.08000000000000007
106.72,0.08000000000000007
106.76,0.08000000000000007
106.8,0.08000000000000007
106.84,0.08000000000000007
106.88,0.08000000000000007
106.92,0.08000000000000007
106.96000000000001,0.08000000000000007
107.0,0.08000000000000007
107.04,0.08000000000000007
107.08,0.08000000000000007
107.12,0.08000000000000007
107.16,0.08000000000000007
107.2,0.08000000000000007
107.24000000000001,0.08000000000000007
107.28,0.08000000000000007
107.32000000000001,0.08000000000000007
107.36,0.08000000000000007
107.4,0.08000000000000007
107.44,0.08000000000000007
107.48,0.08000000000000007
107.52,0.08000000000000007
107.56,0.08000000000000007
107.60000000000001,0.08000000000000007
107.64,0.08000000000000007
107.68,0.08000000000000007
107.72,0.08000000000000007
107.76,0.08000000000000007
107.8,0.08000000000000007
107.84,0.08000000000000007
107.88,0.08000000000000007
107.92,0.08000000000000007
107.96000000000001,0.0
108.0,0.08000000000000007
108.04,0.08000000000000007
108.08,0.08000000000000007
108.12,0.08000000000000007
108.16,0.08000000000000007
108.2,0.08000000000000007
108.24000000000001,0.08000000000000007
108.28,0.08000000000000007
108.32000000000001,0.08000000000000007
108.36,0.08000000000000007
108.4,0.08000000000000007
108.44,0.0
108.48,0.08000000000000007
108.52,0.08000000000000007
108.56,0.08000000000000007
108.60000000000001,0.0
108.64,0.08000000000000007
108.68,0.08000000000000007
108.72,0.08000000000000007
108.76,0.08000000000000007
108.8,0.0
108.84,0.08000000000000007
108.88,0.08000000000000007
108.92,0.08000000000000007
108.96000000000001,0.08000000000000007
109.0,0.08000000000000007
109.04,0.08000000000000007
109.08,0.08000000000000007
109.12,0.0
109.16,0.08000000000000007
109.2,0.08000000000000007
109.24000000000001,0.08000000000000007
109.28,0.08000000000000007
109.32000000000001,0.08000000000000007
109.36,0.08000000000000007
109.4,0.08000000000000007
109.44,0.08000000000000007
109.48,0.08000000000000007
109.52,0.0
109.56,0.08000000000000007
109.60000000000001,0.08000000000000007
109.64,0.08000000000000007
109.68,0.08000000000000007
109.72,0.08000000000000007
109.76,0.08000000000000007
109.8,0.08000000000000007
109.84,0.08000000000000007
109.88,0.08000000000000007
109.92,0.08000000000000007
109.96000000000001,0.08000000000000007
110.0,0.08000000000000007
110.04,0.08000000000000007
110.08,0.08000000000000007
110.12,0.08000000000000007
110.16,0.08000000000000007
110.2,0.08000000000000007
110.24000000000001,0.08000000000000007
110.28,0.08000000000000007
110.32000000000001,0.08000000000000007
110.36,0.08000000000000007
110.4,0.08000000000000007
110.44,0.08000000000000007
110.48,0.08000000000000007
110.52,0.08000000000000007
110.56,0.08000000000000007
110.60000000000001,0.08000000000000007
110.64,0.08000000000000007
110.68,0.08000000000000007
110.72,0.08000000000000007
110.76,0.08000000000000007
110.8,0.08000000000000007
110.84,0.08000000000000007
110.88,0.08000000000000007
110.92,0.0
110.96000000000001,0.08000000000000007
111.0,0.08000000000000007
111.04,0.08000000000000007
111.08,0.08000000000000007
111.12,0.08000000000000007
111.16,0.08000000000000007
111.2,0.08000000000000007
111.24000000000001,0.08000000000000007
111.28,0.08000000000000007
111.32000000000001,0.08000000000000007
111.36,0.08000000000000007
111.4,0.08000000000000007
111.44,0.08000000000000007
111.48,0.08000000000000007
111.52,0.08000000000000007
111.56,0.08000000000000007
111.60000000000001,0.08000000000000007
111.64,0.08000000000000007
111.68,0.08000000000000007
111.72,0.08000000000000007
111.76,0.08000000000000007
111.8,0.08000000000000007
111.84,0.08000000000000007
111.88,0.08000000000000007
111.92,0.08000000000000007
111.96000000000001,0.08000000000000007
112.0,0.08000000000000007
112.04,0.08000000000000007
112.08,0.08000000000000007
112.12,0.08000000000000007
112.16,0.08000000000000007
112.2,0.08000000000000007
112.24000000000001,0.08000000000000007
112.28,0.08000000000000007
112.32000000000001,0.08000000000000007
112.36,0.08000000000000007
112.4,0.08000000000000007
112.44,0.0
112.48,0.08000000000000007
112.52,0.08000000000000007
112.56,0.0
112.60000000000001,0.08000000000000007
112.64,0.08000000000000007
112.68,0.08000000000000007
112.72,0.08000000000000007
112.76,0.08000000000000007
112.8,0.08000000000000007
112.84,0.08000000000000007
112.88,0.08000000000000007
112.92,0.0
112.96000000000001,0.08000000000000007
113.0,0.08000000000000007
113.04,0.08000000000000007
113.08,0.08000000000000007
113.12,0.08000000000000007
113.16,0.08000000000000007
113.2,0.08000000000000007
113.24000000000001,0.08000000000000007
113.28,0.08000000000000007
113.32000000000001,0.08000000000000007
113.36,0.08000000000000007
113.4,0.08000000000000007
113.44,0.08000000000000007
113.48,0.08000000000000007
113.52,0.08000000000000007
113.56,0.08000000000000007
113.60000000000001,0.08000000000000007
113.64,0.08000000000000007
113.68,0.08000000000000007
113.72,0.08000000000000007
113.76,0.08000000000000007
113.8,0.08000000000000007
113.84,0.08000000000000007
113.88,0.08000000000000007
113.92,0.08000000000000007
113.96000000000001,0.08000000000000007
114.0,0.08000000000000007
114.04,0.08000000000000007
114.08,0.08000000000000007
114.12,0.08000000000000007
114.16,0.08000000000000007
114.2,0.08000000000000007
114.24000000000001,0.08000000000000007
114.28,0.08000000000000007
114.32000000000001,0.08000000000000007
114.36,0.08000000000000007
114.4,0.08000000000000007
114.44,0.08000000000000007
114.48,0.08000000000000007
114.52,0.08000000000000007
114.56,0.08000000000000007
114.60000000000001,0.08000000000000007
114.64,0.08000000000000007
114.68,0.08000000000000007
114.72,0.08000000000000007
114.76,0.08000000000000007
114.8,0.08000000000000007
114.84,0.08000000000000007
114.88,0.08000000000000007
114.92,0.08000000000000007
114.96000000000001,0.08000000000000007
115.0,0.08000000000000007
115.04,0.08000000000000007
115.08,0.08000000000000007
115.12,0.08000000000000007
115.16,0.08000000000000007
115.2,0.0
115.24000000000001,0.08000000000000007
115.28,0.08000000000000007
115.32000000000001,0.08000000000000007
115.36,0.08000000000000007
115.4,0.08000000000000007
115.44,0.08000000000000007
115.48,0.08000000000000007
115.52,0.08000000000000007
115.56,0.08000000000000007
115.60000000000001,0.08000000000000007
115.64,0.08000000000000007
115.68,0.08000000000000007
115.72,0.08000000000000007
115.76,0.08000000000000007
115.8,0.08000000000000007
115.84,0.08000000000000007
115.88,0.08000000000000007
115.92,0.0
115.96000000000001,0.08000000000000007
116.0,0.08000000000000007
116.04,0.08000000000000007
116.08,0.08000000000000007
116.12,0.08000000000000007
116.16,0.08000000000000007
116.2,0.08000000000000007
116.24000000000001,0.08000000000000007
116.28,0.08000000000000007
116.32000000000001,0.08000000000000007
116.36,0.08000000000000007
116.4,0.08000000000000007
116.44,0.08000000000000007
116.48,0.08000000000000007
116.52,0.08000000000000007
116.56,0.08000000000000007
116.60000000000001,0.08000000000000007
116.64,0.0
116.68,0.08000000000000007
116.72,0.0
116.76,0.08000000000000007
116.8,0.08000000000000007
116.84,0.08000000000000007
116.88,0.08000000000000007
116.92,0.08000000000000007
116.96000000000001,0.08000000000000007
117.0,0.08000000000000007
117.04,0.08000000000000007
117.08,0.08000000000000007
117.12,0.08000000000000007
117.16,0.08000000000000007
117.2,0.08000000000000007
117.24000000000001,0.08000000000000007
117.28,0.08000000000000007
117.32000000000001,0.0
117.36,0.0
117.4,0.08000000000000007
117.44,0.08000000000000007
117.48,0.08000000000000007
117.52,0.08000000000000007
117.56,0.08000000000000007
117.60000000000001,0.08000000000000007
117.64,0.08000000000000007
117.68,0.08000000000000007
117.72,0.0
117.76,0.08000000000000007
117.8,0.08000000000000007
117.84,0.08000000000000007
117.88,0.08000000000000007
117.92,0.08000000000000007
117.96000000000001,0.08000000000000007
118.0,0.08000000000000007
118.04,0.08000000000000007
118.08,0.08000000000000007
118.12,0.08000000000000007
118.16,0.08000000000000007
118.2,0.08000000000000007
118.24000000000001,0.08000000000000007
118.28,0.08000000000000007
118.32000000000001,0.08000000000000007
118.36,0.08000000000000007
118.4,0.08000000000000007
118.44,0.16000000000000014
118.48,0.08000000000000007
118.52,0.08000000000000007
118.56,0.08000000000000007
118.60000000000001,0.08000000000000007
118.64,0.08000000000000007
118.68,0.08000000000000007
118.72,0.08000000000000007
118.76,0.08000000000000007
118.8,0.08000000000000007
118.84,0.08000000000000007
118.88,0.08000000000000007
118.92,0.08000000000000007
118.96000000000001,0.0
119.0,0.08000000000000007
119.04,0.08000000000000007
119.08,0.08000000000000007
119.12,0.08000000000000007
119.16,0.0
119.2,0.08000000000000007
119.24000000000001,0.08000000000000007
119.28,0.08000000000000007
119.32000000000001,0.08000000000000007
119.36,0.08000000000000007
119.4,0.08000000000000007
119.44,0.08000000000000007
119.48,0.08000000000000007
119.52,0.08000000000000007
119.56,0.0
119.60000000000001,0.08000000000000007
119.64,0.08000000000000007
119.68,0.08000000000000007
119.72,0.08000000000000007
119.76,0.08000000000000007
119.8,0.08000000000000007
119.84,0.08000000000000007
119.88,0.08000000000000007
119.92,0.08000000000000007
119.96000000000001,0.08000000000000007
120.0,0.08000000000000007
120.04,0.08000000000000007
120.08,0.0
120.12,0.08000000000000007
120.16,0.08000000000000007
120.2,0.08000000000000007
120.24000000000001,0.08000000000000007
120.28,0.08000000000000007
120.32000000000001,0.08000000000000007
120.36,0.0
120.4,0.08000000000000007
120.44,0.08000000000000007
120.48,0.08000000000000007
120.52,0.08000000000000007
120.56,0.08000000000000007
120.60000000000001,0.08000000000000007
120.64,0.08000000000000007
120.68,0.08000000000000007
120.72,0.08000000000000007
120.76,0.08000000000000007
120.8,0.08000000000000007
120.84,0.08000000000000007
120.88,0.08000000000000007
120.92,0.08000000000000007
120.96000000000001,0.08000000000000007
121.0,0.08000000000000007
121.04,0.08000000000000007
121.08,0.08000000000000007
121.12,0.08000000000000007
121.16,0.08000000000000007
121.2,0.08000000000000007
121.24000000000001,0.08000000000000007
121.28,0.08000000000000007
121.32000000000001,0.08000000000000007
121.36,0.08000000000000007
121.4,0.08000000000000007
121.44,0.08000000000000007
121.48,0.08000000000000007
121.52,0.08000000000000007
121.56,0.08000000000000007
121.60000000000001,0.08000000000000007
121.64,0.08000000000000007
121.68,0.08000000000000007
121.72,0.08000000000000007
121.76,0.08000000000000007
121.8,0.08000000000000007
121.84,0.08000000000000007
121.88,0.08000000000000007
121.92,0.08000000000000007
121.96000000000001,0.08000000000000007
122.0,0.08000000000000007
122.04,0.08000000000000007
122.08,0.08000000000000007
122.12,0.08000000000000007
122.16,0.08000000000000007
122.2,0.08000000000000007
122.24000000000001,0.08000000000000007
122.28,0.08000000000000007
122.32000000000001,0.08000000000000007
122.36,0.08000000000000007
122.4,0.08000000000000007
122.44,0.08000000000000007
122.48,0.08000000000000007
122.52,0.08000000000000007
122.56,0.08000000000000007
122.60000000000001,0.08000000000000007
122.64,0.08000000000000007
122.68,0.0
122.72,0.08000000000000007
122.76,0.08000000000000007
122.8,0.08000000000000007
122.84,0.08000000000000007
122.88,0.08000000000000007
122.92,0.0
122.96000000000001,0.08000000000000007
123.0,0.08000000000000007
123.04,0.08000000000000007
123.08,0.08000000000000007
123.12,0.08000000000000007
123.16,0.08000000000000007
123.2,0.08000000000000007
123.24000000000001,0.08000000000000007
123.28,0.08000000000000007
123.32000000000001,0.08000000000000007
123.36,0.08000000000000007
123.4,0.08000000000000007
123.44,0.08000000000000007
123.48,0.08000000000000007
123.52,0.08000000000000007
123.56,0.08000000000000007
123.60000000000001,0.08000000000000007
123.64,0.08000000000000007
123.68,0.08000000000000007
123.72,0.08000000000000007
123.76,0.08000000000000007
123.8,0.08000000000000007
123.84,0.08000000000000007
123.88000000000001,0.08000000000000007
123.92,0.08000000000000007
123.96000000000001,0.08000000000000007
124.0,0.08000000000000007
124.04,0.08000000000000007
124.08,0.08000000000000007
124.12,0.08000000000000007
124.16,0.0
124.2,0.08000000000000007
124.24000000000001,0.08000000000000007
124.28,0.08000000000000007
124.32000000000001,0.08000000000000007
124.36,0.08000000000000007
124.4,0.08000000000000007
124.44,0.08000000000000007
124.48,0.08000000000000007
124.52,0.08000000000000007
124.56,0.08000000000000007
124.60000000000001,0.08000000000000007
124.64,0.08000000000000007
124.68,0.08000000000000007
124.72,0.08000000000000007
124.76,0.08000000000000007
124.8,0.08000000000000007
124.84,0.08000000000000007
124.88000000000001,0.08000000000000007
124.92,0.08000000000000007
124.96000000000001,0.08000000000000007
125.0,0.08000000000000007
125.04,0.08000000000000007
125.08,0.08000000000000007
125.12,0.08000000000000007
125.16,0.08000000000000007
125.2,0.08000000000000007
125.24000000000001,0.08000000000000007
125.28,0.08000000000000007
125.32000000000001,0.08000000000000007
125.36,0.08000000000000007
125.4,0.08000000000000007
125.44,0.08000000000000007
125.48,0.08000000000000007
125.52,0.08000000000000007
125.56,0.08000000000000007
125.60000000000001,0.08000000000000007
125.64,0.08000000000000007
125.68,0.08000000000000007
125.72,0.08000000000000007
125.76,0.08000000000000007
125.8,0.08000000000000007
125.84,0.08000000000000007
125.88000000000001,0.08000000000000007
125.92,0.08000000000000007
125.96000000000001,0.08000000000000007
126.0,0.08000000000000007
126.04,0.08000000000000007
126.08,0.08000000000000007
126.12,0.16000000000000014
126.16,0.08000000000000007
126.2,0.0
126.24000000000001,0.08000000000000007
126.28,0.08000000000000007
126.32000000000001,0.08000000000000007
126.36,0.08000000000000007
126.4,0.08000000000000007
126.44,0.08000000000000007
126.48,0.08000000000000007
126.52,0.08000000000000007
126.56,0.08000000000000007
126.60000000000001,0.08000000000000007
126.64,0.08000000000000007
126.68,0.0
126.72,0.08000000000000007
126.76,0.08000000000000007
126.8,0.08000000000000007
126.84,0.08000000000000007
126.88000000000001,0.08000000000000007
126.92,0.08000000000000007
126.96000000000001,0.08000000000000007
127.0,0.08000000000000007
127.04,0.08000000000000007
127.08,0.08000000000000007
127.12,0.08000000000000007
127.16,0.08000000000000007
127.2,0.08000000000000007
127.24000000000001,0.08000000000000007
127.28,0.08000000000000007
127.32000000000001,0.08000000000000007
127.36,0.08000000000000007
127.4,0.08000000000000007
127.44,0.08000000000000007
127.48,0.08000000000000007
127.52,0.08000000000000007
127.56,0.08000000000000007
127.60000000000001,0.08000000000000007
127.64,0.08000000000000007
127.68,0.08000000000000007
127.72,0.08000000000000007
127.76,0.08000000000000007
127.8,0.08000000000000007
127.84,0.08000000000000007
127.88000000000001,0.08000000000000007
127.92,0.08000000000000007
127.96000000000001,0.08000000000000007
128.0,0.08000000000000007
128.04,0.08000000000000007
128.08,0.08000000000000007
128.12,0.08000000000000007
128.16,0.08000000000000007
128.2,0.08000000000000007
128.24,0.08000000000000007
128.28,0.08000000000000007
128.32,0.08000000000000007
128.36,0.08000000000000007
128.4,0.08000000000000007
128.44,0.08000000000000007
128.48,0.08000000000000007
128.52,0.08000000000000007
128.56,0.08000000000000007
128.6,0.08000000000000007
128.64000000000001,0.08000000000000007
128.68,0.08000000000000007
128.72,0.08000000000000007
128.76,0.08000000000000007
128.8,0.08000000000000007
128.84,0.08000000000000007
128.88,0.08000000000000007
128.92000000000002,0.08000000000000007
128.96,0.08000000000000007
129.0,0.08000000000000007
129.04,0.08000000000000007
129.08,0.08000000000000007
129.12,0.0
129.16,0.08000000000000007
129.2,0.08000000000000007
129.24,0.08000000000000007
129.28,0.08000000000000007
129.32,0.0
129.36,0.08000000000000007
129.4,0.0
129.44,0.08000000000000007
129.48,0.08000000000000007
129.52,0.08000000000000007
129.56,0.08000000000000007
129.6,0.08000000000000007
129.64000000000001,0.08000000000000007
129.68,0.0
129.72,0.0
129.76,0.08000000000000007
129.8,0.08000000000000007
129.84,0.08000000000000007
129.88,0.08000000000000007
129.92000000000002,0.08000000000000007
129.96,0.08000000000000007
130.0,0.08000000000000007
130.04,0.08000000000000007
130.08,0.08000000000000007
130.12,0.08000000000000007
130.16,0.0
130.2,0.08000000000000007
130.24,0.08000000000000007
130.28,0.08000000000000007
130.32,0.08000000000000007
130.36,0.0
130.4,0.08000000000000007
130.44,0.08000000000000007
130.48,0.08000000000000007
130.52,0.08000000000000007
130.56,0.08000000000000007
130.6,0.08000000000000007
130.64000000000001,0.08000000000000007
130.68,0.0
130.72,0.08000000000000007
130.76,0.08000000000000007
130.8,0.08000000000000007
130.84,0.08000000000000007
130.88,0.08000000000000007
130.92000000000002,0.08000000000000007
130.96,0.08000000000000007
131.0,0.08000000000000007
131.04,0.08000000000000007
131.08,0.08000000000000007
131.12,0.08000000000000007
131.16,0.08000000000000007
131.2,0.08000000000000007
131.24,0.08000000000000007
131.28,0.08000000000000007
131.32,0.08000000000000007
131.36,0.08000000000000007
131.4,0.08000000000000007
131.44,0.08000000000000007
131.48,0.08000000000000007
131.52,0.0
131.56,0.08000000000000007
131.6,0.08000000000000007
131.64000000000001,0.08000000000000007
131.68,0.08000000000000007
131.72,0.08000000000000007
131.76,0.08000000000000007
131.8,0.08000000000000007
131.84,0.08000000000000007
131.88,0.0
131.92000000000002,0.08000000000000007
131.96,0.08000000000000007
132.0,0.08000000000000007
132.04,0.08000000000000007
132.08,0.08000000000000007
132.12,0.08000000000000007
132.16,0.08000000000000007
132.2,0.08000000000000007
132.24,0.08000000000000007
132.28,0.08000000000000007
132.32,0.08000000000000007
132.36,0.08000000000000007
132.4,0.08000000000000007
132.44,0.08000000000000007
132.48,0.08000000000000007
132.52,0.08000000000000007
132.56,0.08000000000000007
132.6,0.08000000000000007
132.64000000000001,0.0
132.68,0.08000000000000007
132.72,0.08000000000000007
132.76,0.16000000000000014
132.8,0.08000000000000007
132.84,0.08000000000000007
132.88,0.08000000000000007
132.92000000000002,0.08000000000000007
132.96,0.08000000000000007
133.0,0.08000000000000007
133.04,0.08000000000000007
133.08,0.08000000000000007
133.12,0.08000000000000007
133.16,0.08000000000000007
133.2,0.08000000000000007
133.24,0.08000000000000007
133.28,0.08000000000000007
133.32,0.0
133.36,0.08000000000000007
133.4,0.08000000000000007
133.44,0.08000000000000007
133.48,0.08000000000000007
133.52,0.08000000000000007
133.56,0.08000000000000007
133.6,0.08000000000000007
133.64000000000001,0.08000000000000007
133.68,0.08000000000000007
133.72,0.08000000000000007
133.76,0.08000000000000007
133.8,0.16000000000000014
133.84,0.08000000000000007
133.88,0.16000000000000014
133.92000000000002,0.2400000000000002
133.96,0.16000000000000014
134.0,0.2400000000000002
134.04,0.2400000000000002
134.08,0.32000000000000006
134.12,0.32000000000000006
134.16,0.6400000000000001
134.2,1.2800000000000002
134.24,1.84
134.28,2.64
134.32,4.24
134.36,5.44
134.4,5.92
134.44,4.720000000000001
134.48,4.08
134.52,3.84
134.56,4.5600000000000005
134.6,5.04
134.64000000000001,5.36
134.68,5.12
134.72,4.720000000000001
134.76,4.5600000000000005
134.8,4.880000000000001
134.84,5.2
134.88,5.36
134.92000000000002,5.04
134.96,4.960000000000001
135.0,4.720000000000001
135.04,5.04
135.08,5.2
135.12,5.36
135.16,5.2
135.2,5.04
135.24,4.880000000000001
135.28,4.960000000000001
135.32,5.12
135.36,5.36
135.4,5.28
135.44,5.12
135.48,4.880000000000001
135.52,5.04
135.56,5.12
135.6,5.2
135.64000000000001,5.2
135.68,5.12
135.72,4.960000000000001
135.76,4.960000000000001
135.8,5.12
135.84,5.2
135.88,5.2
135.92000000000002,5.12
135.96,5.04
136.0,4.960000000000001
136.04,5.04
136.08,5.2
136.12,5.2
136.16,5.12
136.2,5.04
136.24,5.04
136.28,5.04
136.32,5.12
136.36,5.2
136.4,5.12
136.44,5.04
136.48,5.04
136.52,5.04
136.56,5.12
136.6,5.2
136.64000000000001,5.12
136.68,5.12
136.72,5.04
136.76,5.04
136.8,5.12
136.84,5.12
136.88,5.12
136.92000000000002,5.04
136.96,5.04
137.0,5.04
137.04,5.04
137.08,5.12
137.12,5.12
137.16,5.12
137.20000000000002,5.04
137.24,5.04
137.28,5.04
137.32,5.12
137.36,5.12
137.4,5.04
137.44,5.04
137.48,5.04
137.52,5.12
137.56,5.04
137.6,5.12
137.64000000000001,5.04
137.68,5.04
137.72,5.04
137.76,5.04
137.8,5.04
137.84,5.12
137.88,5.04
137.92000000000002,5.04
137.96,5.04
138.0,5.04
138.04,5.04
138.08,5.04
138.12,5.04
138.16,5.04
138.20000000000002,5.04
138.24,5.04
138.28,5.04
138.32,5.04
138.36,5.04
138.4,5.04
138.44,4.960000000000001
138.48,5.04
138.52,5.04
138.56,5.04
138.6,5.04
138.64000000000001,5.04
138.68,5.04
138.72,4.960000000000001
138.76,5.04
138.8,5.04
138.84,5.04
138.88,5.04
138.92000000000002,4.960000000000001
138.96,5.04
139.0,5.04
139.04,5.04
139.08,5.04
139.12,5.04
139.16,4.960000000000001
139.20000000000002,4.960000000000001
139.24,4.960000000000001
139.28,5.04
139.32,5.04
139.36,5.04
139.4,5.04
139.44,5.04
139.48,5.04
139.52,5.04
139.56,5.04
139.6,4.960000000000001
139.64000000000001,5.04
139.68,5.04
139.72,5.04
139.76,5.04
139.8,4.960000000000001
139.84,5.04
139.88,5.04
139.92000000000002,4.960000000000001
139.96,4.960000000000001
140.0,4.960000000000001
140.04,4.960000000000001
140.08,4.960000000000001
140.12,4.880000000000001
140.16,4.960000000000001
140.20000000000002,4.960000000000001
140.24,4.960000000000001
140.28,4.960000000000001
140.32,4.960000000000001
140.36,4.960000000000001
140.4,4.960000000000001
140.44,4.960000000000001
140.48,4.960000000000001
140.52,4.960000000000001
140.56,4.960000000000001
140.6,4.960000000000001
140.64000000000001,4.960000000000001
140.68,4.880000000000001
140.72,4.960000000000001
140.76,4.960000000000001
140.8,4.880000000000001
140.84,4.960000000000001
140.88,4.880000000000001
140.92000000000002,4.880000000000001
140.96,4.880000000000001
141.0,4.960000000000001
141.04,4.960000000000001
141.08,4.960000000000001
141.12,4.880000000000001
141.16,4.960000000000001
141.20000000000002,4.960000000000001
141.24,4.880000000000001
141.28,4.880000000000001
141.32,4.960000000000001
141.36,4.880000000000001
141.4,4.880000000000001
141.44,4.880000000000001
141.48,4.880000000000001
141.52,4.880000000000001
141.56,4.960000000000001
141.6,4.880000000000001
141.64000000000001,4.880000000000001
141.68,4.880000000000001
141.72,4.960000000000001
141.76,4.880000000000001
141.8,4.880000000000001
141.84,4.880000000000001
141.88,4.880000000000001
141.92000000000002,4.880000000000001
141.96,4.880000000000001
142.0,4.880000000000001
142.04,4.880000000000001
142.08,4.880000000000001
142.12,4.880000000000001
142.16,4.880000000000001
142.20000000000002,4.880000000000001
142.24,4.880000000000001
142.28,4.880000000000001
142.32,4.880000000000001
142.36,4.880000000000001
142.4,4.880000000000001
142.44,4.880000000000001
142.48,4.880000000000001
142.52,4.880000000000001
142.56,4.880000000000001
142.6,4.880000000000001
142.64000000000001,4.880000000000001
142.68,4.880000000000001
142.72,4.880000000000001
142.76,4.880000000000001
142.8,4.880000000000001
142.84,4.880000000000001
142.88,4.800000000000001
142.92000000000002,4.880000000000001
142.96,4.880000000000001
143.0,4.880000000000001
143.04,4.880000000000001
143.08,4.880000000000001
143.12,4.880000000000001
143.16,4.880000000000001
143.20000000000002,4.800000000000001
143.24,4.880000000000001
143.28,4.880000000000001
143.32,4.800000000000001
143.36,4.800000000000001
143.4,4.880000000000001
143.44,4.800000000000001
143.48,4.880000000000001
143.52,4.800000000000001
143.56,4.800000000000001
143.6,4.800000000000001
143.64000000000001,4.880000000000001
143.68,4.880000000000001
143.72,4.800000000000001
143.76,4.880000000000001
143.8,4.880000000000001
143.84,4.880000000000001
143.88,4.800000000000001
143.92000000000002,4.800000000000001
143.96,4.800000000000001
144.0,4.800000000000001
144.04,4.800000000000001
144.08,4.800000000000001
144.12,4.800000000000001
144.16,4.800000000000001
144.20000000000002,4.880000000000001
144.24,4.800000000000001
144.28,4.880000000000001
144.32,4.800000000000001
144.36,4.800000000000001
144.4,4.800000000000001
144.44,4.720000000000001
144.48,4.800000000000001
144.52,4.800000000000001
144.56,4.800000000000001
144.6,4.800000000000001
144.64000000000001,4.800000000000001
144.68,4.800000000000001
144.72,4.800000000000001
144.76,4.800000000000001
144.8,4.800000000000001
144.84,4.800000000000001
144.88,4.800000000000001
144.92000000000002,4.800000000000001
144.96,4.800000000000001
145.0,4.800000000000001
145.04,4.800000000000001
145.08,4.720000000000001
145.12,4.800000000000001
145.16,4.800000000000001
145.20000000000002,4.720000000000001
145.24,4.800000000000001
145.28,4.720000000000001
145.32,4.800000000000001
145.36,4.720000000000001
145.4,4.800000000000001
145.44,4.720000000000001
145.48,4.720000000000001
145.52,4.800000000000001
145.56,4.720000000000001
145.6,4.720000000000001
145.64000000000001,4.800000000000001
145.68,4.800000000000001
145.72,4.800000000000001
145.76,4.720000000000001
145.8,4.800000000000001
145.84,4.720000000000001
145.88,4.720000000000001
145.92000000000002,4.720000000000001
145.96,4.720000000000001
146.0,4.720000000000001
146.04,4.720000000000001
146.08,4.720000000000001
146.12,4.720000000000001
146.16,4.720000000000001
146.20000000000002,4.720000000000001
146.24,4.720000000000001
146.28,4.720000000000001
146.32,4.720000000000001
146.36,4.720000000000001
146.4,4.720000000000001
146.44,4.720000000000001
146.48,4.720000000000001
146.52,4.720000000000001
146.56,4.720000000000001
146.6,4.720000000000001
146.64000000000001,4.720000000000001
146.68,4.720000000000001
146.72,4.720000000000001
146.76,4.720000000000001
146.8,4.720000000000001
146.84,4.720000000000001
146.88,4.720000000000001
146.92000000000002,4.720000000000001
146.96,4.720000000000001
147.0,4.720000000000001
147.04,4.720000000000001
147.08,4.720000000000001
147.12,4.720000000000001
147.16,4.720000000000001
147.20000000000002,4.720000000000001
147.24,4.720000000000001
147.28,4.720000000000001
147.32,4.720000000000001
147.36,4.640000000000001
147.4,4.720000000000001
147.44,4.720000000000001
147.48,4.720000000000001
147.52,4.720000000000001
147.56,4.720000000000001
147.6,4.640000000000001
147.64000000000001,4.640000000000001
147.68,4.720000000000001
147.72,4.720000000000001
147.76,4.720000000000001
147.8,4.720000000000001
147.84,4.640000000000001
147.88,4.720000000000001
147.92000000000002,4.720000000000001
147.96,4.640000000000001
148.0,4.720000000000001
148.04,4.640000000000001
148.08,4.720000000000001
148.12,4.640000000000001
148.16,4.640000000000001
148.20000000000002,4.640000000000001
148.24,4.640000000000001
148.28,4.720000000000001
148.32,4.640000000000001
148.36,4.720000000000001
148.4,4.640000000000001
148.44,4.640000000000001
148.48,4.720000000000001
148.52,4.5600000000000005
148.56,4.640000000000001
148.6,4.640000000000001
148.64000000000001,4.5600000000000005
148.68,4.5600000000000005
148.72,4.720000000000001
148.76,4.5600000000000005
148.8,4.640000000000001
148.84,4.5600000000000005
148.88,4.5600000000000005
148.92000000000002,4.5600000000000005
148.96,4.5600000000000005
149.0,4.5600000000000005
149.04,4.640000000000001
149.08,4.5600000000000005
149.12,4.5600000000000005
149.16,4.5600000000000005
149.20000000000002,4.5600000000000005
149.24,4.5600000000000005
149.28,4.5600000000000005
149.32,4.5600000000000005
149.36,4.5600000000000005
149.4,4.5600000000000005
149.44,4.5600000000000005
149.48,4.5600000000000005
149.52,4.5600000000000005
149.56,4.5600000000000005
149.6,4.5600000000000005
149.64000000000001,4.5600000000000005
149.68,4.5600000000000005
149.72,4.5600000000000005
149.76,4.5600000000000005
149.8,4.5600000000000005
149.84,4.5600000000000005
149.88,4.5600000000000005
149.92000000000002,4.5600000000000005
149.96,4.5600000000000005
150.0,4.5600000000000005
150.04,4.5600000000000005
150.08,4.5600000000000005
150.12,4.5600000000000005
150.16,4.5600000000000005
150.20000000000002,4.5600000000000005
150.24,4.5600000000000005
150.28,4.5600000000000005
150.32,4.48
150.36,4.5600000000000005
150.4,4.5600000000000005
150.44,4.5600000000000005
150.48,4.5600000000000005
150.52,4.5600000000000005
150.56,4.5600000000000005
150.6,4.48
150.64000000000001,4.48
150.68,4.5600000000000005
150.72,4.5600000000000005
150.76,4.48
150.8,4.48
150.84,4.48
150.88,4.48
150.92000000000002,4.48
150.96,4.48
151.0,4.48
151.04,4.48
151.08,4.48
151.12,4.48
151.16,4.48
151.20000000000002,4.48
151.24,4.48
151.28,4.48
151.32,4.48
151.36,4.4
151.4,4.48
151.44,4.4
151.48,4.48
151.52,4.4
151.56,4.4
151.6,4.4
151.64000000000001,4.48
151.68,4.4
151.72,4.48
151.76,4.48
151.8,4.48
151.84,4.4
151.88,4.48
151.92000000000002,4.48
151.96,4.4
152.0,4.4
152.04,4.4
152.08,4.4
152.12,4.4
152.16,4.4
152.20000000000002,4.48
152.24,4.4
152.28,4.4
152.32,4.4
152.36,4.4
152.4,4.4
152.44,4.4
152.48,4.4
152.52,4.4
152.56,4.4
152.6,4.4
152.64000000000001,4.4
152.68,4.4
152.72,4.4
152.76,4.4
152.8,4.4
152.84,4.4
152.88,4.4
152.92000000000002,4.4
152.96,4.4
153.0,4.4
153.04,4.4
153.08,4.4
153.12,4.4
153.16,4.4
153.20000000000002,4.4
153.24,4.4
153.28,4.4
153.32,4.4
153.36,4.4
153.4,4.4
153.44,4.4
153.48,4.4
153.52,4.32
153.56,4.4
153.6,4.4
153.64000000000001,4.4
153.68,4.4
153.72,4.4
153.76,4.32
153.8,4.4
153.84,4.4
153.88,4.4
153.92000000000002,4.32
153.96,4.32
154.0,4.32
154.04,4.32
154.08,4.4
154.12,4.32
154.16,4.32
154.20000000000002,4.32
154.24,4.32
154.28,4.32
154.32,4.32
154.36,4.32
154.4,4.32
154.44,4.32
154.48,4.32
154.52,4.24
154.56,4.24
154.6,4.32
154.64000000000001,4.24
154.68,4.24
154.72,4.24
154.76,4.24
154.8,4.24
154.84,4.24
154.88,4.24
154.92000000000002,4.24
154.96,4.24
155.0,4.24
155.04,4.24
155.08,4.32
155.12,4.24
155.16,4.24
155.20000000000002,4.24
155.24,4.24
155.28,4.24
155.32,4.24
155.36,4.24
155.4,4.24
155.44,4.16
155.48,4.24
155.52,4.24
155.56,4.24
155.6,4.24
155.64000000000001,4.24
155.68,4.16
155.72,4.24
155.76,4.24
155.8,4.16
155.84,4.16
155.88,4.24
155.92000000000002,4.24
155.96,4.24
156.0,4.16
156.04,4.16
156.08,4.24
156.12,4.16
156.16,4.16
156.20000000000002,4.16
156.24,4.24
156.28,4.24
156.32,4.24
156.36,4.16
156.4,4.16
156.44,4.16
156.48,4.16
156.52,4.16
156.56,4.16
156.6,4.16
156.64000000000001,4.16
156.68,4.16
156.72,4.24
156.76,4.16
156.8,4.08
156.84,4.24
156.88,4.08
156.92000000000002,4.08
156.96,4.08
157.0,4.16
157.04,4.16
157.08,4.16
157.12,4.16
157.16,4.08
157.20000000000002,4.08
157.24,4.16
157.28,4.16
157.32,4.08
157.36,4.16
157.4,4.08
157.44,4.08
157.48,4.08
157.52,4.16
157.56,4.08
157.6,4.08
157.64000000000001,4.08
157.68,4.08
157.72,4.08
157.76,4.08
157.8,4.08
157.84,4.16
157.88,4.08
157.92000000000002,4.0
157.96,4.08
158.0,4.08
158.04,4.08
158.08,4.08
158.12,4.08
158.16,4.08
158.20000000000002,4.0
158.24,4.08
158.28,4.08
158.32,4.08
158.36,4.08
158.4,4.08
158.44,4.0
158.48,4.08
158.52,4.0
158.56,4.08
158.6,4.0
158.64000000000001,4.0
158.68,4.08
158.72,4.0
158.76,4.0
158.8,4.0
158.84,4.0
158.88,4.08
158.92000000000002,4.0
158.96,4.0
159.0,4.0
159.04,4.0
159.08,4.0
159.12,3.92
159.16,3.92
159.20000000000002,4.0
159.24,3.92
159.28,3.92
159.32,3.92
159.36,3.92
159.4,4.0
159.44,3.92
159.48,3.92
159.52,3.92
159.56,3.92
159.6,3.92
159.64000000000001,3.92
159.68,3.92
159.72,3.92
159.76,3.92
159.8,3.92
159.84,3.92
159.88,3.92
159.92000000000002,3.92
159.96,3.92
160.0,3.92
160.04,3.92
160.08,3.92
160.12,3.92
160.16,3.92
160.20000000000002,3.92
160.24,3.92
160.28,3.92
160.32,3.84
160.36,3.84
160.4,3.92
160.44,3.84
160.48,3.92
160.52,3.92
160.56,3.84
160.6,3.84
160.64000000000001,3.84
160.68,3.92
160.72,3.84
160.76,3.84
160.8,3.84
160.84,3.84
160.88,3.84
160.92000000000002,3.84
160.96,3.84
161.0,3.84
161.04,3.84
161.08,3.84
161.12,3.84
161.16,3.84
161.20000000000002,3.84
161.24,3.84
161.28,3.84
161.32,3.84
161.36,3.84
161.4,3.84
161.44,3.84
161.48,3.84
161.52,3.7600000000000002
161.56,3.84
161.6,3.7600000000000002
161.64000000000001,3.7600000000000002
161.68,3.84
161.72,3.7600000000000002
161.76,3.7600000000000002
161.8,3.7600000000000002
161.84,3.7600000000000002
161.88,3.7600000000000002
161.92000000000002,3.7600000000000002
161.96,3.7600000000000002
162.0,3.7600000000000002
162.04,3.7600000000000002
162.08,3.7600000000000002
162.12,3.7600000000000002
162.16,3.7600000000000002
162.20000000000002,3.7600000000000002
162.24,3.7600000000000002
162.28,3.7600000000000002
162.32,3.7600000000000002
162.36,3.7600000000000002
162.4,3.7600000000000002
162.44,3.7600000000000002
162.48,3.7600000000000002
162.52,3.7600000000000002
162.56,3.7600000000000002
162.6,3.7600000000000002
162.64000000000001,3.68
162.68,3.7600000000000002
162.72,3.68
162.76,3.68
162.8,3.68
162.84,3.7600000000000002
162.88,3.7600000000000002
162.92000000000002,3.68
162.96,3.7600000000000002
163.0,3.7600000000000002
163.04,3.68
163.08,3.68
163.12,3.68
163.16,3.68
163.20000000000002,3.68
163.24,3.68
163.28,3.68
163.32,3.68
163.36,3.68
163.4,3.6
163.44,3.6
163.48,3.6
163.52,3.68
163.56,3.6
163.6,3.68
163.64000000000001,3.6
163.68,3.68
163.72,3.5200000000000005
163.76,3.6
163.8,3.6
163.84,3.6
163.88,3.6
163.92000000000002,3.6
163.96,3.6
164.0,3.6
164.04,3.6
164.08,3.5200000000000005
164.12,3.6
164.16,3.6
164.20000000000002,3.6
164.24,3.6
164.28,3.6
164.32,3.6
164.36,3.6
164.4,3.6
164.44,3.5200000000000005
164.48,3.6
164.52,3.5200000000000005
164.56,3.5200000000000005
164.6,3.5200000000000005
164.64000000000001,3.5200000000000005
164.68,3.5200000000000005
164.72,3.6
164.76,3.5200000000000005
164.8,3.5200000000000005
164.84,3.5200000000000005
164.88,3.4400000000000004
164.92000000000002,3.5200000000000005
164.96,3.5200000000000005
165.0,3.5200000000000005
165.04,3.5200000000000005
165.08,3.5200000000000005
165.12,3.4400000000000004
165.16,3.5200000000000005
165.20000000000002,3.5200000000000005
165.24,3.4400000000000004
165.28,3.5200000000000005
165.32,3.5200000000000005
165.36,3.5200000000000005
165.4,3.4400000000000004
165.44,3.4400000000000004
165.48,3.6
165.52,3.4400000000000004
165.56,3.4400000000000004
165.6,3.4400000000000004
165.64000000000001,3.4400000000000004
165.68,3.4400000000000004
165.72,3.4400000000000004
165.76,3.4400000000000004
165.8,3.4400000000000004
165.84,3.4400000000000004
165.88,3.4400000000000004
165.92000000000002,3.4400000000000004
165.96,3.4400000000000004
166.0,3.4400000000000004
166.04,3.4400000000000004
166.08,3.4400000000000004
166.12,3.4400000000000004
166.16,3.4400000000000004
166.20000000000002,3.3600000000000003
166.24,3.4400000000000004
166.28,3.4400000000000004
166.32,3.3600000000000003
166.36,3.4400000000000004
166.4,3.4400000000000004
166.44,3.4400000000000004
166.48,3.3600000000000003
166.52,3.4400000000000004
166.56,3.3600000000000003
166.6,3.4400000000000004
166.64000000000001,3.3600000000000003
166.68,3.3600000000000003
166.72,3.3600000000000003
166.76,3.3600000000000003
166.8,3.4400000000000004
166.84,3.3600000000000003
166.88,3.3600000000000003
166.92000000000002,3.3600000000000003
166.96,3.3600000000000003
167.0,3.2800000000000002
167.04,3.2800000000000002
167.08,3.3600000000000003
167.12,3.3600000000000003
167.16,3.3600000000000003
167.20000000000002,3.2800000000000002
167.24,3.3600000000000003
167.28,3.2800000000000002
167.32,3.3600000000000003
167.36,3.2800000000000002
167.4,3.2800000000000002
167.44,3.2800000000000002
167.48,3.2800000000000002
167.52,3.2800000000000002
167.56,3.2800000000000002
167.6,3.2800000000000002
167.64000000000001,3.2800000000000002
167.68,3.2800000000000002
167.72,3.2800000000000002
167.76,3.2800000000000002
167.8,3.2800000000000002
167.84,3.2800000000000002
167.88,3.2800000000000002
167.92000000000002,3.2800000000000002
167.96,3.2800000000000002
168.0,3.2800000000000002
168.04,3.2
168.08,3.2
168.12,3.2800000000000002
168.16,3.2
168.20000000000002,3.2800000000000002
168.24,3.2
168.28,3.2
168.32,3.2
168.36,3.2
168.4,3.2800000000000002
168.44,3.2
168.48,3.2
168.52,3.2
168.56,3.2
168.6,3.2
168.64000000000001,3.2
168.68,3.2
168.72,3.2
168.76,3.2
168.8,3.2
168.84,3.2
168.88,3.2
168.92000000000002,3.2
168.96,3.12
169.0,3.12
169.04,3.2
169.08,3.12
169.12,3.2
169.16,3.12
169.20000000000002,3.12
169.24,3.12
169.28,3.2
169.32,3.2
169.36,3.2
169.4,3.2
169.44,3.12
169.48,3.12
169.52,3.12
169.56,3.12
169.6,3.12
169.64000000000001,3.12
169.68,3.12
169.72,3.12
169.76,3.12
169.8,3.12
169.84,3.12
169.88,3.12
169.92000000000002,3.12
169.96,3.12
170.0,3.12
170.04,3.12
170.08,3.12
170.12,3.12
170.16,3.12
170.20000000000002,3.12
170.24,3.04
170.28,3.12
170.32,3.12
170.36,3.04
170.4,3.04
170.44,3.12
170.48,3.12
170.52,3.04
170.56,3.04
170.6,3.04
170.64000000000001,3.04
170.68,2.96
170.72,3.04
170.76,3.12
170.8,3.04
170.84,3.04
170.88,2.96
170.92000000000002,2.96
170.96,3.04
171.0,3.04
171.04,2.96
171.08,2.96
171.12,2.96
171.16,2.96
171.20000000000002,2.96
171.24,2.96
171.28,2.96
171.32,2.96
171.36,2.96
171.4,2.96
171.44,2.96
171.48,2.96
171.52,2.96
171.56,2.96
171.6,2.96
171.64000000000001,2.96
171.68,2.96
171.72,2.96
171.76,2.96
171.8,2.96
171.84,2.96
171.88,2.88
171.92000000000002,2.88
171.96,2.96
172.0,2.88
172.04,2.88
172.08,2.88
172.12,2.96
172.16,2.96
172.20000000000002,2.88
172.24,2.96
172.28,2.88
172.32,2.88
172.36,2.88
172.4,2.8000000000000003
172.44,2.88
172.48,2.88
172.52,2.88
172.56,2.88
172.6,2.88
172.64000000000001,2.88
172.68,2.8000000000000003
172.72,2.88
172.76,2.8000000000000003
172.8,2.8000000000000003
172.84,2.8000000000000003
172.88,2.8000000000000003
172.92000000000002,2.8000000000000003
172.96,2.8000000000000003
173.0,2.8000000000000003
173.04,2.8000000000000003
173.08,2.8000000000000003
173.12,2.8000000000000003
173.16,2.8000000000000003
173.20000000000002,2.8000000000000003
173.24,2.8000000000000003
173.28,2.8000000000000003
173.32,2.8000000000000003
173.36,2.8000000000000003
173.4,2.8000000000000003
173.44,2.8000000000000003
173.48,2.72
173.52,2.8000000000000003
173.56,2.72
173.6,2.8000000000000003
173.64000000000001,2.8000000000000003
173.68,2.8000000000000003
173.72,2.72
173.76,2.8000000000000003
173.8,2.8000000000000003
173.84,2.72
173.88,2.72
173.92000000000002,2.72
173.96,2.72
174.0,2.8000000000000003
174.04,2.72
174.08,2.72
174.12,2.64
174.16,2.72
174.20000000000002,2.64
174.24,2.64
174.28,2.64
174.32,2.72
174.36,2.64
174.4,2.64
174.44,2.64
174.48,2.64
174.52,2.64
174.56,2.64
174.6,2.64
174.64000000000001,2.64
174.68,2.64
174.72,2.64
174.76,2.56
174.8,2.64
174.84,2.64
174.88,2.56
174.92000000000002,2.64
174.96,2.64
175.0,2.56
175.04,2.64
175.08,2.56
175.12,2.64
175.16,2.56
175.20000000000002,2.64
175.24,2.64
175.28,2.56
175.32,2.56
175.36,2.64
175.4,2.56
175.44,2.56
175.48,2.56
175.52,2.56
175.56,2.56
175.6,2.56
175.64000000000001,2.56
175.68,2.56
175.72,2.56
175.76,2.56
175.8,2.56
175.84,2.56
175.88,2.56
175.92000000000002,2.48
175.96,2.56
176.0,2.48
176.04,2.48
176.08,2.56
176.12,2.48
176.16,2.48
176.20000000000002,2.56
176.24,2.48
176.28,2.48
176.32,2.48
176.36,2.48
176.4,2.48
176.44,2.48
176.48,2.48
176.52,2.48
176.56,2.48
176.6,2.48
176.64000000000001,2.48
176.68,2.48
176.72,2.48
176.76,2.48
176.8,2.48
176.84,2.4000000000000004
176.88,2.48
176.92000000000002,2.48
176.96,2.48
177.0,2.4000000000000004
177.04,2.48
177.08,2.48
177.12,2.48
177.16,2.4000000000000004
177.20000000000002,2.3200000000000003
177.24,2.3200000000000003
177.28,2.48
177.32,2.4000000000000004
177.36,2.3200000000000003
177.4,2.48
177.44,2.3200000000000003
177.48,2.3200000000000003
177.52,2.3200000000000003
177.56,2.3200000000000003
177.6,2.3200000000000003
177.64000000000001,2.3200000000000003
177.68,2.3200000000000003
177.72,2.3200000000000003
177.76,2.3200000000000003
177.8,2.4000000000000004
177.84,2.3200000000000003
177.88,2.24
177.92000000000002,2.3200000000000003
177.96,2.3200000000000003
178.0,2.3200000000000003
178.04,2.3200000000000003
178.08,2.3200000000000003
178.12,2.3200000000000003
178.16,2.3200000000000003
178.20000000000002,2.3200000000000003
178.24,2.3200000000000003
178.28,2.3200000000000003
178.32,2.24
178.36,2.3200000000000003
178.4,2.24
178.44,2.24
178.48,2.24
178.52,2.3200000000000003
178.56,2.24
178.6,2.3200000000000003
178.64000000000001,2.24
178.68,2.24
178.72,2.24
178.76,2.24
178.8,2.24
178.84,2.24
178.88,2.3200000000000003
178.92000000000002,2.3200000000000003
178.96,2.24
179.0,2.16
179.04,2.24
179.08,2.24
179.12,2.16
179.16,2.24
179.20000000000002,2.24
179.24,2.16
179.28,2.16
179.32,2.16
179.36,2.16
179.4,2.16
179.44,2.16
179.48,2.16
179.52,2.16
179.56,2.16
179.6,2.16
179.64000000000001,2.16
179.68,2.24
179.72,2.16
179.76,2.16
179.8,2.16
179.84,2.16
179.88,2.16
179.92000000000002,2.16
179.96,2.16
180.0,2.16
180.04,2.16
180.08,2.16
180.12,2.16
180.16,2.08
180.20000000000002,2.08
180.24,2.16
180.28,2.16
180.32,2.16
180.36,2.16
180.4,2.08
180.44,2.08
180.48,2.16
180.52,2.16
180.56,2.08
180.6,2.0
180.64000000000001,2.16
180.68,2.08
180.72,2.0
180.76,2.08
180.8,2.08
180.84,2.08
180.88,2.08
180.92000000000002,2.0
180.96,2.0
181.0,2.08
181.04,2.0
181.08,2.08
181.12,2.0
181.16,2.0
181.20000000000002,2.0
181.24,2.0
181.28,2.0
181.32,1.9200000000000002
181.36,2.0
181.4,2.0
181.44,2.0
181.48,2.0
181.52,1.9200000000000002
181.56,1.9200000000000002
181.6,1.9200000000000002
181.64000000000001,2.0
181.68,1.9200000000000002
181.72,2.0
181.76,1.9200000000000002
181.8,1.9200000000000002
181.84,2.0
181.88,1.9200000000000002
181.92000000000002,1.9200000000000002
181.96,1.9200000000000002
182.0,1.9200000000000002
182.04,1.84
182.08,1.9200000000000002
182.12,1.9200000000000002
182.16,1.9200000000000002
182.20000000000002,1.9200000000000002
182.24,1.9200000000000002
182.28,1.9200000000000002
182.32,1.9200000000000002
182.36,1.84
182.4,1.84
182.44,1.84
182.48,1.84
182.52,1.9200000000000002
182.56,1.84
182.6,1.84
182.64000000000001,1.84
182.68,1.84
182.72,1.84
182.76,1.84
182.8,1.84
182.84,1.84
182.88,1.84
182.92000000000002,1.84
182.96,1.84
183.0,1.84
183.04,1.84
183.08,1.84
183.12,1.84
183.16,1.84
183.20000000000002,1.84
183.24,1.84
183.28,1.84
183.32,1.84
183.36,1.7600000000000002
183.4,1.84
183.44,1.84
183.48,1.7600000000000002
183.52,1.7600000000000002
183.56,1.84
183.6,1.7600000000000002
183.64000000000001,1.7600000000000002
183.68,1.7600000000000002
183.72,1.6800000000000002
183.76,1.7600000000000002
183.8,1.7600000000000002
183.84,1.6800000000000002
183.88,1.7600000000000002
183.92000000000002,1.7600000000000002
183.96,1.6800000000000002
184.0,1.7600000000000002
184.04,1.6800000000000002
184.08,1.6800000000000002
184.12,1.7600000000000002
184.16,1.6800000000000002
184.20000000000002,1.6800000000000002
184.24,1.6800000000000002
184.28,1.6800000000000002
184.32,1.6800000000000002
184.36,1.6800000000000002
184.4,1.6800000000000002
184.44,1.6800000000000002
184.48,1.6800000000000002
184.52,1.6
184.56,1.6800000000000002
184.6,1.6800000000000002
184.64000000000001,1.6
184.68,1.6800000000000002
184.72,1.6800000000000002
184.76,1.6800000000000002
184.8,1.6800000000000002
184.84,1.6800000000000002
184.88,1.6
184.92000000000002,1.6
184.96,1.6800000000000002
185.0,1.6
185.04,1.6
185.08,1.6
185.12,1.6800000000000002
185.16,1.6
185.20000000000002,1.6
185.24,1.52
185.28,1.6
185.32,1.6
185.36,1.6800000000000002
185.4,1.52
185.44,1.6
185.48,1.6
185.52,1.52
185.56,1.6
185.6,1.6
185.64000000000001,1.52
185.68,1.52
185.72,1.52
185.76,1.52
185.8,1.52
185.84,1.52
185.88,1.52
185.92000000000002,1.52
185.96,1.52
186.0,1.52
186.04,1.52
186.08,1.52
186.12,1.52
186.16,1.52
186.20000000000002,1.52
186.24,1.52
186.28,1.52
186.32,1.52
186.36,1.52
186.4,1.36
186.44,1.52
186.48,1.4400000000000002
186.52,1.52
186.56,1.52
186.6,1.36
186.64000000000001,1.52
186.68,1.4400000000000002
186.72,1.4400000000000002
186.76,1.4400000000000002
186.8,1.52
186.84,1.4400000000000002
186.88,1.4400000000000002
186.92000000000002,1.36
186.96,1.36
187.0,1.4400000000000002
187.04,1.36
187.08,1.36
187.12,1.4400000000000002
187.16,1.36
187.20000000000002,1.36
187.24,1.36
187.28,1.36
187.32,1.36
187.36,1.36
187.4,1.36
187.44,1.2800000000000002
187.48,1.36
187.52,1.36
187.56,1.36
187.6,1.36
187.64000000000001,1.2800000000000002
187.68,1.2800000000000002
187.72,1.36
187.76,1.2800000000000002
187.8,1.2800000000000002
187.84,1.36
187.88,1.2800000000000002
187.92000000000002,1.2800000000000002
187.96,1.2800000000000002
188.0,1.2800000000000002
188.04,1.2800000000000002
188.08,1.2000000000000002
188.12,1.2800000000000002
188.16,1.2800000000000002
188.20000000000002,1.2800000000000002
188.24,1.2800000000000002
188.28,1.2800000000000002
188.32,1.2000000000000002
188.36,1.2800000000000002
188.4,1.2000000000000002
188.44,1.2000000000000002
188.48,1.2000000000000002
188.52,1.2000000000000002
188.56,1.2000000000000002
188.6,1.2000000000000002
188.64000000000001,1.2000000000000002
188.68,1.2800000000000002
188.72,1.2000000000000002
188.76,1.2000000000000002
188.8,1.2000000000000002
188.84,1.2000000000000002
188.88,1.2000000000000002
188.92000000000002,1.2000000000000002
188.96,1.2000000000000002
189.0,1.2000000000000002
189.04,1.2000000000000002
189.08,1.2000000000000002
189.12,1.12
189.16,1.2000000000000002
189.20000000000002,1.2000000000000002
189.24,1.12
189.28,1.2000000000000002
189.32,1.2000000000000002
189.36,1.12
189.4,1.2000000000000002
189.44,1.2000000000000002
189.48,1.12
189.52,1.2000000000000002
189.56,1.12
189.6,1.12
189.64000000000001,1.12
189.68,1.04
189.72,1.04
189.76,1.12
189.8,1.12
189.84,1.04
189.88,1.04
189.92000000000002,1.12
189.96,1.04
190.0,1.12
190.04,1.12
190.08,1.04
190.12,1.04
190.16,1.12
190.20000000000002,1.04
190.24,1.04
190.28,1.04
190.32,1.04
190.36,1.04
190.4,1.04
190.44,1.04
190.48,1.04
190.52,0.9600000000000002
190.56,1.04
190.6,1.04
190.64000000000001,0.9600000000000002
190.68,0.9600000000000002
190.72,1.04
190.76,0.9600000000000002
190.8,1.04
190.84,0.9600000000000002
190.88,0.9600000000000002
190.92000000000002,1.04
190.96,0.9600000000000002
191.0,1.04
191.04,1.04
191.08,0.9600000000000002
191.12,0.9600000000000002
191.16,1.04
191.20000000000002,0.9600000000000002
191.24,0.9600000000000002
191.28,0.9600000000000002
191.32,0.9600000000000002
191.36,0.9600000000000002
191.4,0.9600000000000002
191.44,0.9600000000000002
191.48000000000002,0.9600000000000002
191.52,0.8800000000000001
191.56,0.8800000000000001
191.6,0.8800000000000001
191.64000000000001,0.8800000000000001
191.68,0.9600000000000002
191.72,0.8800000000000001
191.76,0.8800000000000001
191.8,0.8800000000000001
191.84,0.8800000000000001
191.88,0.8800000000000001
191.92000000000002,0.8800000000000001
191.96,0.8800000000000001
192.0,0.8800000000000001
192.04,0.8800000000000001
192.08,0.8800000000000001
192.12,0.8800000000000001
192.16,0.8800000000000001
192.20000000000002,0.8800000000000001
192.24,0.8800000000000001
192.28,0.8800000000000001
192.32,0.8800000000000001
192.36,0.8800000000000001
192.4,0.8800000000000001
192.44,0.8800000000000001
192.48000000000002,0.8800000000000001
192.52,0.8800000000000001
192.56,0.8800000000000001
192.6,0.8
192.64000000000001,0.8800000000000001
192.68,0.8800000000000001
192.72,0.8800000000000001
192.76,0.8800000000000001
192.8,0.8
192.84,0.8
192.88,0.7200000000000002
192.92000000000002,0.8
192.96,0.7200000000000002
193.0,0.7200000000000002
193.04,0.7200000000000002
193.08,0.7200000000000002
193.12,0.7200000000000002
193.16,0.8
193.20000000000002,0.7200000000000002
193.24,0.7200000000000002
193.28,0.7200000000000002
193.32,0.7200000000000002
193.36,0.7200000000000002
193.4,0.7200000000000002
193.44,0.7200000000000002
193.48000000000002,0.7200000000000002
193.52,0.6400000000000001
193.56,0.7200000000000002
193.6,0.6400000000000001
193.64000000000001,0.7200000000000002
193.68,0.7200000000000002
193.72,0.7200000000000002
193.76,0.7200000000000002
193.8,0.7200000000000002
193.84,0.7200000000000002
193.88,0.6400000000000001
193.92000000000002,0.6400000000000001
193.96,0.6400000000000001
194.0,0.6400000000000001
194.04,0.6400000000000001
194.08,0.7200000000000002
194.12,0.6400000000000001
194.16,0.6400000000000001
194.20000000000002,0.6400000000000001
194.24,0.6400000000000001
194.28,0.6400000000000001
194.32,0.6400000000000001
194.36,0.6400000000000001
194.4,0.6400000000000001
194.44,0.56
194.48000000000002,0.6400000000000001
194.52,0.56
194.56,0.6400000000000001
194.6,0.56
194.64000000000001,0.56
194.68,0.6400000000000001
194.72,0.56
194.76,0.56
194.8,0.56
194.84,0.56
194.88,0.56
194.92000000000002,0.56
194.96,0.56
195.0,0.56
195.04,0.56
195.08,0.56
195.12,0.56
195.16,0.56
195.20000000000002,0.56
195.24,0.56
195.28,0.56
195.32,0.56
195.36,0.4800000000000002
195.4,0.56
195.44,0.56
195.48000000000002,0.4800000000000002
195.52,0.4800000000000002
195.56,0.56
195.6,0.4800000000000002
195.64000000000001,0.4800000000000002
195.68,0.4800000000000002
195.72,0.4800000000000002
195.76,0.4800000000000002
195.8,0.4800000000000002
195.84,0.4800000000000002
195.88,0.4800000000000002
195.92000000000002,0.40000000000000013
195.96,0.40000000000000013
196.0,0.4800000000000002
196.04,0.4800000000000002
196.08,0.40000000000000013
196.12,0.40000000000000013
196.16,0.40000000000000013
196.20000000000002,0.40000000000000013
196.24,0.40000000000000013
196.28,0.40000000000000013
196.32,0.40000000000000013
196.36,0.40000000000000013
196.4,0.32000000000000006
196.44,0.40000000000000013
196.48000000000002,0.40000000000000013
196.52,0.40000000000000013
196.56,0.32000000000000006
196.6,0.40000000000000013
196.64000000000001,0.40000000000000013
196.68,0.40000000000000013
196.72,0.40000000000000013
196.76,0.32000000000000006
196.8,0.32000000000000006
196.84,0.32000000000000006
196.88,0.40000000000000013
196.92000000000002,0.40000000000000013
196.96,0.32000000000000006
197.0,0.32000000000000006
197.04,0.32000000000000006
197.08,0.32000000000000006
197.12,0.32000000000000006
197.16,0.2400000000000002
197.20000000000002,0.32000000000000006
197.24,0.40000000000000013
197.28,0.2400000000000002
197.32,0.32000000000000006
197.36,0.2400000000000002
197.4,0.32000000000000006
197.44,0.32000000000000006
197.48000000000002,0.32000000000000006
197.52,0.2400000000000002
197.56,0.32000000000000006
197.6,0.2400000000000002
197.64000000000001,0.2400000000000002
197.68,0.2400000000000002
197.72,0.2400000000000002
197.76,0.2400000000000002
197.8,0.2400000000000002
197.84,0.2400000000000002
197.88,0.2400000000000002
197.92000000000002,0.2400000000000002
197.96,0.2400000000000002
198.0,0.2400000000000002
198.04,0.2400000000000002
198.08,0.2400000000000002
198.12,0.2400000000000002
198.16,0.16000000000000014
198.20000000000002,0.2400000000000002
198.24,0.2400000000000002
198.28,0.2400000000000002
198.32,0.16000000000000014
198.36,0.16000000000000014
198.4,0.16000000000000014
198.44,0.16000000000000014
198.48000000000002,0.08000000000000007
198.52,0.2400000000000002
198.56,0.16000000000000014
198.6,0.16000000000000014
198.64000000000001,0.16000000000000014
198.68,0.08000000000000007
198.72,0.16000000000000014
198.76,0.16000000000000014
198.8,0.16000000000000014
198.84,0.08000000000000007
198.88,0.08000000000000007
198.92000000000002,0.08000000000000007
198.96,0.08000000000000007
199.0,0.08000000000000007
199.04,0.08000000000000007
199.08,0.08000000000000007
199.12,0.08000000000000007
199.16,0.08000000000000007
199.20000000000002,0.08000000000000007
199.24,0.0
199.28,0.08000000000000007
199.32,0.0
199.36,0.08000000000000007
199.4,0.0
199.44,0.0
199.48000000000002,0.08000000000000007
199.52,0.08000000000000007
199.56,0.0
199.6,0.0
199.64000000000001,0.0
199.68,0.0
199.72,0.0
199.76,0.08000000000000007
199.8,0.0
199.84,0.0
199.88,0.0
199.92000000000002,0.0
199.96,0.0
200.0,0.0
200.04,0.0
200.08,0.0
200.12,0.0
200.16,0.0
200.20000000000002,0.0
200.24,0.0
200.28,0.0
200.32,-0.08000000000000007
200.36,0.0
200.4,-0.08000000000000007
200.44,0.0
200.48000000000002,-0.08000000000000007
200.52,-0.08000000000000007
200.56,0.0
200.6,-0.08000000000000007
200.64000000000001,-0.08000000000000007
200.68,-0.08000000000000007
200.72,-0.08000000000000007
200.76,-0.08000000000000007
200.8,-0.08000000000000007
200.84,-0.08000000000000007
200.88,-0.08000000000000007
200.92000000000002,-0.08000000000000007
200.96,-0.08000000000000007
201.0,-0.08000000000000007
201.04,-0.08000000000000007
201.08,-0.08000000000000007
201.12,-0.08000000000000007
201.16,-0.08000000000000007
201.20000000000002,-0.08000000000000007
201.24,-0.1599999999999997
201.28,-0.08000000000000007
201.32,-0.1599999999999997
201.36,-0.08000000000000007
201.4,-0.1599999999999997
201.44,-0.1599999999999997
201.48000000000002,-0.08000000000000007
201.52,-0.23999999999999977
201.56,-0.08000000000000007
201.6,-0.23999999999999977
201.64000000000001,-0.23999999999999977
201.68,-0.1599999999999997
201.72,-0.23999999999999977
201.76,-0.1599999999999997
201.8,-0.23999999999999977
201.84,-0.23999999999999977
201.88,-0.23999999999999977
201.92000000000002,-0.23999999999999977
201.96,-0.23999999999999977
202.0,-0.23999999999999977
202.04,-0.23999999999999977
202.08,-0.23999999999999977
202.12,-0.23999999999999977
202.16,-0.23999999999999977
202.20000000000002,-0.23999999999999977
202.24,-0.31999999999999984
202.28,-0.23999999999999977
202.32,-0.23999999999999977
202.36,-0.23999999999999977
202.4,-0.23999999999999977
202.44,-0.23999999999999977
202.48000000000002,-0.23999999999999977
202.52,-0.31999999999999984
202.56,-0.31999999999999984
202.6,-0.31999999999999984
202.64000000000001,-0.23999999999999977
202.68,-0.23999999999999977
202.72,-0.31999999999999984
202.76,-0.31999999999999984
202.8,-0.31999999999999984
202.84,-0.31999999999999984
202.88,-0.31999999999999984
202.92000000000002,-0.31999999999999984
202.96,-0.31999999999999984
203.0,-0.31999999999999984
203.04,-0.31999999999999984
203.08,-0.31999999999999984
203.12,-0.31999999999999984
203.16,-0.31999999999999984
203.20000000000002,-0.31999999999999984
203.24,-0.31999999999999984
203.28,-0.3999999999999999
203.32,-0.31999999999999984
203.36,-0.3999999999999999
203.4,-0.3999999999999999
203.44,-0.31999999999999984
203.48000000000002,-0.31999999999999984
203.52,-0.31999999999999984
203.56,-0.3999999999999999
203.6,-0.3999999999999999
203.64000000000001,-0.3999999999999999
203.68,-0.3999999999999999
203.72,-0.3999999999999999
203.76,-0.3999999999999999
203.8,-0.31999999999999984
203.84,-0.3999999999999999
203.88,-0.3999999999999999
203.92000000000002,-0.3999999999999999
203.96,-0.3999999999999999
204.0,-0.3999999999999999
204.04,-0.3999999999999999
204.08,-0.3999999999999999
204.12,-0.3999999999999999
204.16,-0.3999999999999999
204.20000000000002,-0.3999999999999999
204.24,-0.3999999999999999
204.28,-0.3999999999999999
204.32,-0.3999999999999999
204.36,-0.3999999999999999
204.4,-0.3999999999999999
204.44,-0.48
204.48000000000002,-0.48
204.52,-0.3999999999999999
204.56,-0.48
204.6,-0.48
204.64000000000001,-0.3999999999999999
204.68,-0.48
204.72,-0.3999999999999999
204.76,-0.48
204.8,-0.3999999999999999
204.84,-0.48
204.88,-0.3999999999999999
204.92000000000002,-0.48
204.96,-0.48
205.0,-0.3999999999999999
205.04,-0.56
205.08,-0.3999999999999999
205.12,-0.56
205.16,-0.56
205.20000000000002,-0.48
205.24,-0.56
205.28,-0.48
205.32,-0.56
205.36,-0.3999999999999999
205.4,-0.48
205.44,-0.56
205.48000000000002,-0.56
205.52,-0.48
205.56,-0.48
205.6,-0.56
205.64000000000001,-0.56
205.68,-0.56
205.72,-0.56
205.76,-0.56
205.8,-0.56
205.84,-0.56
205.88,-0.56
205.92000000000002,-0.56
205.96,-0.56
206.0,-0.56
206.04,-0.6400000000000001
206.08,-0.56
206.12,-0.56
206.16,-0.56
206.20000000000002,-0.6400000000000001
206.24,-0.6400000000000001
206.28,-0.56
206.32,-0.6400000000000001
206.36,-0.6400000000000001
206.4,-0.56
206.44,-0.6400000000000001
206.48000000000002,-0.6400000000000001
206.52,-0.6400000000000001
206.56,-0.6400000000000001
206.6,-0.56
206.64000000000001,-0.6400000000000001
206.68,-0.6400000000000001
206.72,-0.6400000000000001
206.76,-0.6400000000000001
206.8,-0.6400000000000001
206.84,-0.6400000000000001
206.88,-0.7199999999999998
206.92000000000002,-0.6400000000000001
206.96,-0.7199999999999998
207.0,-0.6400000000000001
207.04,-0.6400000000000001
207.08,-0.7199999999999998
207.12,-0.7199999999999998
207.16,-0.7199999999999998
207.20000000000002,-0.6400000000000001
207.24,-0.6400000000000001
207.28,-0.7199999999999998
207.32,-0.6400000000000001
207.36,-0.7199999999999998
207.4,-0.6400000000000001
207.44,-0.7199999999999998
207.48000000000002,-0.6400000000000001
207.52,-0.6400000000000001
207.56,-0.7199999999999998
207.6,-0.7199999999999998
207.64000000000001,-0.7199999999999998
207.68,-0.7199999999999998
207.72,-0.7199999999999998
207.76,-0.7199999999999998
207.8,-0.7199999999999998
207.84,-0.7199999999999998
207.88,-0.7199999999999998
207.92000000000002,-0.7199999999999998
207.96,-0.7999999999999998
208.0,-0.7199999999999998
208.04,-0.7199999999999998
208.08,-0.7199999999999998
208.12,-0.7199999999999998
208.16,-0.7199999999999998
208.20000000000002,-0.7199999999999998
208.24,-0.7199999999999998
208.28,-0.7199999999999998
208.32,-0.7199999999999998
208.36,-0.7199999999999998
208.4,-0.7199999999999998
208.44,-0.7199999999999998
208.48000000000002,-0.7199999999999998
208.52,-0.7199999999999998
208.56,-0.7999999999999998
208.6,-0.7999999999999998
208.64000000000001,-0.7999999999999998
208.68,-0.7999999999999998
208.72,-0.7199999999999998
208.76,-0.8799999999999999
208.8,-0.7999999999999998
208.84,-0.7199999999999998
208.88,-0.7199999999999998
208.92000000000002,-0.7199999999999998
208.96,-0.7999999999999998
209.0,-0.7999999999999998
209.04,-0.7199999999999998
209.08,-0.8799999999999999
209.12,-0.7999999999999998
209.16,-0.7199999999999998
209.20000000000002,-0.7999999999999998
209.24,-0.7999999999999998
209.28,-0.8799999999999999
209.32,-0.7999999999999998
209.36,-0.7999999999999998
209.4,-0.7999999999999998
209.44,-0.8799999999999999
209.48000000000002,-0.8799999999999999
209.52,-0.7999999999999998
209.56,-0.8799999999999999
209.6,-0.8799999999999999
209.64000000000001,-0.8799999999999999
209.68,-0.7999999999999998
209.72,-0.7999999999999998
209.76,-0.8799999999999999
209.8,-0.8799999999999999
209.84,-0.96
209.88,-0.8799999999999999
209.92000000000002,-0.8799999999999999
209.96,-0.8799999999999999
210.0,-0.8799999999999999
210.04,-0.96
210.08,-0.8799999999999999
210.12,-0.8799999999999999
210.16,-0.96
210.20000000000002,-0.8799999999999999
210.24,-0.8799999999999999
210.28,-0.96
210.32,-0.8799999999999999
210.36,-0.8799999999999999
210.4,-0.96
210.44,-0.8799999999999999
210.48000000000002,-0.8799999999999999
210.52,-0.96
210.56,-0.8799999999999999
210.6,-0.8799999999999999
210.64000000000001,-0.96
210.68,-0.96
210.72,-0.8799999999999999
210.76,-0.96
210.8,-0.96
210.84,-0.8799999999999999
210.88,-0.8799999999999999
210.92000000000002,-0.96
210.96,-0.96
211.0,-0.96
211.04,-0.8799999999999999
211.08,-0.96
211.12,-0.96
211.16,-0.96
211.20000000000002,-0.96
211.24,-0.96
211.28,-1.04
211.32,-0.96
211.36,-1.04
211.4,-0.96
211.44,-0.96
211.48000000000002,-1.04
211.52,-0.8799999999999999
211.56,-0.96
211.6,-0.96
211.64000000000001,-0.96
211.68,-0.96
211.72,-0.96
211.76,-1.04
211.8,-1.04
211.84,-1.04
211.88,-0.96
211.92000000000002,-1.04
211.96,-1.04
212.0,-1.04
212.04,-0.96
212.08,-1.04
212.12,-1.04
212.16,-1.04
212.20000000000002,-1.04
212.24,-1.04
212.28,-1.12
212.32,-1.04
212.36,-1.04
212.4,-1.04
212.44,-1.12
212.48000000000002,-1.04
212.52,-1.04
212.56,-1.04
212.6,-1.04
212.64000000000001,-1.04
212.68,-1.04
212.72,-1.04
212.76,-1.12
212.8,-1.04
212.84,-1.04
212.88,-1.04
212.92000000000002,-1.04
212.96,-1.12
213.0,-1.04
213.04,-1.12
213.08,-1.04
213.12,-1.12
213.16,-1.04
213.20000000000002,-1.12
213.24,-1.04
213.28,-1.04
213.32,-1.04
213.36,-1.04
213.4,-1.1999999999999997
213.44,-1.12
213.48000000000002,-1.12
213.52,-1.04
213.56,-1.04
213.6,-1.1999999999999997
213.64000000000001,-1.12
213.68,-1.12
213.72,-1.12
213.76,-1.12
213.8,-1.12
213.84,-1.12
213.88,-1.12
213.92000000000002,-1.1999999999999997
213.96,-1.12
214.0,-1.1999999999999997
214.04,-1.1999999999999997
214.08,-1.1999999999999997
214.12,-1.1999999999999997
214.16,-1.1999999999999997
214.20000000000002,-1.1999999999999997
214.24,-1.12
214.28,-1.12
214.32,-1.1999999999999997
214.36,-1.12
214.4,-1.1999999999999997
214.44,-1.1999999999999997
214.48000000000002,-1.1999999999999997
214.52,-1.1999999999999997
214.56,-1.1999999999999997
214.6,-1.1999999999999997
214.64000000000001,-1.1999999999999997
214.68,-1.1999999999999997
214.72,-1.12
214.76,-1.1999999999999997
214.8,-1.1999999999999997
214.84,-1.2799999999999998
214.88,-1.2799999999999998
214.92000000000002,-1.1999999999999997
214.96,-1.1999999999999997
215.0,-1.1999999999999997
215.04,-1.2799999999999998
215.08,-1.2799999999999998
215.12,-1.1999999999999997
215.16,-1.1999999999999997
215.20000000000002,-1.2799999999999998
215.24,-1.2799999999999998
215.28,-1.2799999999999998
215.32,-1.1999999999999997
215.36,-1.2799999999999998
215.4,-1.1999999999999997
215.44,-1.1999999999999997
215.48000000000002,-1.2799999999999998
215.52,-1.2799999999999998
215.56,-1.1999999999999997
215.6,-1.2799999999999998
215.64000000000001,-1.2799999999999998
215.68,-1.2799999999999998
215.72,-1.2799999999999998
215.76,-1.1999999999999997
215.8,-1.2799999999999998
215.84,-1.2799999999999998
215.88,-1.1999999999999997
215.92000000000002,-1.2799999999999998
215.96,-1.1999999999999997
216.0,-1.2799999999999998
216.04,-1.2799999999999998
216.08,-1.2799999999999998
216.12,-1.2799999999999998
216.16,-1.2799999999999998
216.20000000000002,-1.2799999999999998
216.24,-1.3599999999999999
216.28,-1.2799999999999998
216.32,-1.2799999999999998
216.36,-1.2799999999999998
216.4,-1.2799999999999998
216.44,-1.2799999999999998
216.48000000000002,-1.2799999999999998
216.52,-1.2799999999999998
216.56,-1.2799999999999998
216.6,-1.2799999999999998
216.64000000000001,-1.2799999999999998
216.68,-1.2799999999999998
216.72,-1.2799999999999998
216.76,-1.2799999999999998
216.8,-1.2799999999999998
216.84,-1.3599999999999999
216.88,-1.2799999999999998
216.92000000000002,-1.2799999999999998
216.96,-1.2799999999999998
217.0,-1.2799999999999998
217.04,-1.2799999999999998
217.08,-1.2799999999999998
217.12,-1.3599999999999999
217.16,-1.3599999999999999
217.20000000000002,-1.2799999999999998
217.24,-1.2799999999999998
217.28,-1.2799999999999998
217.32,-1.3599999999999999
217.36,-1.2799999999999998
217.4,-1.3599999999999999
217.44,-1.2799999999999998
217.48000000000002,-1.2799999999999998
217.52,-1.3599999999999999
217.56,-1.3599999999999999
217.6,-1.3599999999999999
217.64000000000001,-1.2799999999999998
217.68,-1.3599999999999999
217.72,-1.2799999999999998
217.76,-1.3599999999999999
217.8,-1.3599999999999999
217.84,-1.3599999999999999
217.88,-1.3599999999999999
217.92000000000002,-1.3599999999999999
217.96,-1.3599999999999999
218.0,-1.3599999999999999
218.04,-1.3599999999999999
218.08,-1.3599999999999999
218.12,-1.3599999999999999
218.16,-1.2799999999999998
218.20000000000002,-1.3599999999999999
218.24,-1.3599999999999999
218.28,-1.3599999999999999
218.32,-1.3599999999999999
218.36,-1.3599999999999999
218.4,-1.3599999999999999
218.44,-1.3599999999999999
218.48000000000002,-1.3599999999999999
218.52,-1.3599999999999999
218.56,-1.3599999999999999
218.6,-1.3599999999999999
218.64000000000001,-1.3599999999999999
218.68,-1.3599999999999999
218.72,-1.3599999999999999
218.76,-1.3599999999999999
218.8,-1.3599999999999999
218.84,-1.3599999999999999
218.88,-1.3599999999999999
218.92000000000002,-1.3599999999999999
218.96,-1.3599999999999999
219.0,-1.3599999999999999
219.04,-1.3599999999999999
219.08,-1.3599999999999999
219.12,-1.3599999999999999
219.16,-1.3599999999999999
219.20000000000002,-1.3599999999999999
219.24,-1.3599999999999999
219.28,-1.3599999999999999
219.32,-1.3599999999999999
219.36,-1.3599999999999999
219.4,-1.3599999999999999
219.44,-1.3599999999999999
219.48000000000002,-1.3599999999999999
219.52,-1.3599999999999999
219.56,-1.3599999999999999
219.6,-1.44
219.64000000000001,-1.3599999999999999
219.68,-1.3599999999999999
219.72,-1.3599999999999999
219.76,-1.3599999999999999
219.8,-1.3599999999999999
219.84,-1.3599999999999999
219.88,-1.44
219.92000000000002,-1.3599999999999999
219.96,-1.3599999999999999
220.0,-1.3599999999999999
220.04,-1.44
220.08,-1.44
220.12,-1.3599999999999999
220.16,-1.44
220.20000000000002,-1.3599999999999999
220.24,-1.3599999999999999
220.28,-1.44
220.32,-1.3599999999999999
220.36,-1.44
220.4,-1.3599999999999999
220.44,-1.44
220.48000000000002,-1.3599999999999999
220.52,-1.44
220.56,-1.44
220.6,-1.44
220.64000000000001,-1.3599999999999999
220.68,-1.44
220.72,-1.44
220.76,-1.44
220.8,-1.44
220.84,-1.44
220.88,-1.44
220.92000000000002,-1.44
220.96,-1.44
221.0,-1.44
221.04,-1.44
221.08,-1.44
221.12,-1.3599999999999999
221.16,-1.44
221.20000000000002,-1.44
221.24,-1.44
221.28,-1.44
221.32,-1.44
221.36,-1.3599999999999999
221.4,-1.52
221.44,-1.52
221.48000000000002,-1.44
221.52,-1.3599999999999999
221.56,-1.52
221.6,-1.52
221.64000000000001,-1.52
221.68,-1.44
221.72,-1.44
221.76,-1.44
221.8,-1.44
221.84,-1.44
221.88,-1.44
221.92000000000002,-1.52
221.96,-1.44
222.0,-1.44
222.04,-1.52
222.08,-1.44
222.12,-1.52
222.16,-1.44
222.20000000000002,-1.44
222.24,-1.52
222.28,-1.52
222.32,-1.52
222.36,-1.52
222.4,-1.44
222.44,-1.44
222.48000000000002,-1.52
222.52,-1.52
222.56,-1.3599999999999999
222.6,-1.44
222.64000000000001,-1.52
222.68,-1.44
222.72,-1.44
222.76,-1.52
222.8,-1.52
222.84,-1.52
222.88,-1.44
222.92000000000002,-1.52
222.96,-1.44
223.0,-1.52
223.04,-1.52
223.08,-1.52
223.12,-1.52
223.16,-1.52
223.20000000000002,-1.52
223.24,-1.44
223.28,-1.52
223.32,-1.52
223.36,-1.52
223.4,-1.52
223.44,-1.52
223.48000000000002,-1.52
223.52,-1.52
223.56,-1.44
223.6,-1.44
223.64000000000001,-1.52
223.68,-1.52
223.72,-1.52
223.76,-1.52
223.8,-1.52
223.84,-1.52
223.88,-1.52
223.92000000000002,-1.52
223.96,-1.6
224.0,-1.52
224.04,-1.52
224.08,-1.52
224.12,-1.52
224.16,-1.52
224.20000000000002,-1.52
224.24,-1.52
224.28,-1.52
224.32,-1.52
224.36,-1.44
224.4,-1.44
224.44,-1.52
224.48000000000002,-1.52
224.52,-1.52
224.56,-1.52
224.6,-1.44
224.64000000000001,-1.6
224.68,-1.52
224.72,-1.44
224.76,-1.52
224.8,-1.52
224.84,-1.44
224.88,-1.44
224.92000000000002,-1.52
224.96,-1.52
225.0,-1.44
225.04,-1.52
225.08,-1.52
225.12,-1.52
225.16,-1.52
225.20000000000002,-1.52
225.24,-1.52
225.28,-1.52
225.32,-1.52
225.36,-1.44
225.4,-1.6
225.44,-1.52
225.48000000000002,-1.52
225.52,-1.52
225.56,-1.52
225.6,-1.52
225.64000000000001,-1.52
225.68,-1.52
225.72,-1.52
225.76,-1.52
225.8,-1.52
225.84,-1.52
225.88,-1.52
225.92000000000002,-1.52
225.96,-1.52
226.0,-1.52
226.04,-1.52
226.08,-1.52
226.12,-1.52
226.16,-1.52
226.20000000000002,-1.52
226.24,-1.52
226.28,-1.52
226.32,-1.52
226.36,-1.52
226.4,-1.52
226.44,-1.52
226.48000000000002,-1.52
226.52,-1.52
226.56,-1.52
226.6,-1.52
226.64000000000001,-1.52
226.68,-1.52
226.72,-1.52
226.76,-1.52
226.8,-1.52
226.84,-1.6
226.88,-1.52
226.92000000000002,-1.52
226.96,-1.52
227.0,-1.52
227.04,-1.52
227.08,-1.52
227.12,-1.52
227.16,-1.52
227.20000000000002,-1.6
227.24,-1.52
227.28,-1.52
227.32,-1.52
227.36,-1.52
227.4,-1.52
227.44,-1.52
227.48000000000002,-1.52
227.52,-1.52
227.56,-1.6
227.6,-1.52
227.64000000000001,-1.52
227.68,-1.52
227.72,-1.52
227.76,-1.6
227.8,-1.44
227.84,-1.52
227.88,-1.44
227.92000000000002,-1.52
227.96,-1.52
228.0,-1.52
228.04,-1.6
228.08,-1.52
228.12,-1.52
228.16,-1.52
228.20000000000002,-1.52
228.24,-1.6
228.28,-1.52
228.32,-1.52
228.36,-1.52
228.4,-1.52
228.44,-1.44
228.48000000000002,-1.52
228.52,-1.52
228.56,-1.52
228.6,-1.52
228.64000000000001,-1.52
228.68,-1.52
228.72,-1.52
228.76,-1.52
228.8,-1.52
228.84,-1.52
228.88,-1.44
228.92000000000002,-1.52
228.96,-1.52
229.0,-1.52
229.04,-1.52
229.08,-1.52
229.12,-1.52
229.16,-1.52
229.20000000000002,-1.52
229.24,-1.52
229.28,-1.52
229.32,-1.52
229.36,-1.44
229.4,-1.3599999999999999
229.44,-1.44
229.48000000000002,-1.52
229.52,-1.44
229.56,-1.3599999999999999
229.6,-1.52
229.64000000000001,-1.52
229.68,-1.52
229.72,-1.52
229.76,-1.44
229.8,-1.52
229.84,-1.52
229.88,-1.44
229.92000000000002,-1.52
229.96,-1.44
230.0,-1.44
230.04,-1.52
230.08,-1.44
230.12,-1.52
230.16,-1.52
230.20000000000002,-1.52
230.24,-1.52
230.28,-1.3599999999999999
230.32,-1.52
230.36,-1.52
230.4,-1.52
230.44,-1.44
230.48000000000002,-1.44
230.52,-1.44
230.56,-1.52
230.6,-1.52
230.64000000000001,-1.52
230.68,-1.44
230.72,-1.44
230.76,-1.52
230.8,-1.52
230.84,-1.52
230.88,-1.3599999999999999
230.92000000000002,-1.3599999999999999
230.96,-1.44
231.0,-1.52
231.04,-1.44
231.08,-1.52
231.12,-1.52
231.16,-1.44
231.20000000000002,-1.52
231.24,-1.44
231.28,-1.44
231.32,-1.44
231.36,-1.44
231.4,-1.3599999999999999
231.44,-1.44
231.48000000000002,-1.44
231.52,-1.3599999999999999
231.56,-1.52
231.6,-1.52
231.64000000000001,-1.52
231.68,-1.44
231.72,-1.44
231.76,-1.44
231.8,-1.44
231.84,-1.3599999999999999
231.88,-1.3599999999999999
231.92000000000002,-1.44
231.96,-1.52
232.0,-1.44
232.04,-1.44
232.08,-1.44
232.12,-1.3599999999999999
232.16,-1.3599999999999999
232.20000000000002,-1.52
232.24,-1.44
232.28,-1.44
232.32,-1.3599999999999999
232.36,-1.3599999999999999
232.4,-1.44
232.44,-1.44
232.48000000000002,-1.3599999999999999
232.52,-1.44
232.56,-1.3599999999999999
232.6,-1.52
232.64000000000001,-1.3599999999999999
232.68,-1.3599999999999999
232.72,-1.3599999999999999
232.76,-1.44
232.8,-1.3599999999999999
232.84,-1.44
232.88,-1.3599999999999999
232.92000000000002,-1.44
232.96,-1.3599999999999999
233.0,-1.3599999999999999
233.04,-1.3599999999999999
233.08,-1.44
233.12,-1.3599999999999999
233.16,-1.3599999999999999
233.20000000000002,-1.3599999999999999
233.24,-1.3599999999999999
233.28,-1.3599999999999999
233.32,-1.3599999999999999
233.36,-1.44
233.4,-1.52
233.44,-1.52
233.48000000000002,-1.44
233.52,-1.44
233.56,-1.3599999999999999
233.6,-1.3599999999999999
233.64000000000001,-1.3599999999999999
233.68,-1.44
233.72,-1.3599999999999999
233.76,-1.3599999999999999
233.8,-1.3599999999999999
233.84,-1.3599999999999999
233.88,-1.3599999999999999
233.92000000000002,-1.44
233.96,-1.3599999999999999
234.0,-1.3599999999999999
234.04,-1.3599999999999999
234.08,-1.3599999999999999
234.12,-1.44
234.16,-1.3599999999999999
234.20000000000002,-1.3599999999999999
234.24,-1.3599999999999999
234.28,-1.3599999999999999
234.32,-1.3599999999999999
234.36,-1.3599999999999999
234.4,-1.3599999999999999
234.44,-1.3599999999999999
234.48000000000002,-1.3599999999999999
234.52,-1.3599999999999999
234.56,-1.3599999999999999
234.6,-1.3599999999999999
234.64000000000001,-1.3599999999999999
234.68,-1.3599999999999999
234.72,-1.3599999999999999
234.76,-1.3599999999999999
234.8,-1.3599999999999999
234.84,-1.3599999999999999
234.88,-1.3599999999999999
234.92000000000002,-1.3599999999999999
234.96,-1.3599999999999999
235.0,-1.3599999999999999
235.04,-1.3599999999999999
235.08,-1.3599999999999999
235.12,-1.44
235.16,-1.3599999999999999
235.20000000000002,-1.3599999999999999
235.24,-1.2799999999999998
235.28,-1.3599999999999999
235.32,-1.3599999999999999
235.36,-1.3599999999999999
235.4,-1.3599999999999999
235.44,-1.3599999999999999
235.48000000000002,-1.3599999999999999
235.52,-1.3599999999999999
235.56,-1.3599999999999999
235.6,-1.3599999999999999
235.64000000000001,-1.3599999999999999
235.68,-1.3599999999999999
235.72,-1.3599999999999999
235.76,-1.3599999999999999
235.8,-1.3599999999999999
235.84,-1.3599999999999999
235.88,-1.3599999999999999
235.92000000000002,-1.3599999999999999
235.96,-1.3599999999999999
236.0,-1.3599999999999999
236.04,-1.3599999999999999
236.08,-1.2799999999999998
236.12,-1.3599999999999999
236.16,-1.3599999999999999
236.20000000000002,-1.2799999999999998
236.24,-1.2799999999999998
236.28,-1.3599999999999999
236.32,-1.3599999999999999
236.36,-1.3599999999999999
236.4,-1.3599999999999999
236.44,-1.2799999999999998
236.48000000000002,-1.3599999999999999
236.52,-1.3599999999999999
236.56,-1.3599999999999999
236.6,-1.3599999999999999
236.64000000000001,-1.2799999999999998
236.68,-1.3599999999999999
236.72,-1.3599999999999999
236.76,-1.3599999999999999
236.8,-1.3599999999999999
236.84,-1.2799999999999998
236.88,-1.3599999999999999
236.92000000000002,-1.3599999999999999
236.96,-1.2799999999999998
237.0,-1.3599999999999999
237.04,-1.2799999999999998
237.08,-1.2799999999999998
237.12,-1.3599999999999999
237.16,-1.3599999999999999
237.20000000000002,-1.3599999999999999
237.24,-1.3599999999999999
237.28,-1.2799999999999998
237.32,-1.2799999999999998
237.36,-1.3599999999999999
237.4,-1.2799999999999998
237.44,-1.2799999999999998
237.48000000000002,-1.2799999999999998
237.52,-1.2799999999999998
237.56,-1.3599999999999999
237.6,-1.2799999999999998
237.64000000000001,-1.2799999999999998
237.68,-1.2799999999999998
237.72,-1.2799999999999998
237.76,-1.3599999999999999
237.8,-1.2799999999999998
237.84,-1.2799999999999998
237.88,-1.2799999999999998
237.92000000000002,-1.2799999999999998
237.96,-1.2799999999999998
238.0,-1.2799999999999998
238.04,-1.3599999999999999
238.08,-1.2799999999999998
238.12,-1.2799999999999998
238.16,-1.2799999999999998
238.20000000000002,-1.2799999999999998
238.24,-1.3599999999999999
238.28,-1.2799999999999998
238.32,-1.3599999999999999
238.36,-1.2799999999999998
238.4,-1.2799999999999998
238.44,-1.2799999999999998
238.48000000000002,-1.2799999999999998
238.52,-1.2799999999999998
238.56,-1.2799999999999998
238.6,-1.2799999999999998
238.64000000000001,-1.2799999999999998
238.68,-1.2799999999999998
238.72,-1.1999999999999997
238.76,-1.2799999999999998
238.8,-1.2799999999999998
238.84,-1.1999999999999997
238.88,-1.2799999999999998
238.92000000000002,-1.2799999999999998
238.96,-1.3599999999999999
239.0,-1.1999999999999997
239.04,-1.2799999999999998
239.08,-1.1999999999999997
239.12,-1.2799999999999998
239.16,-1.1999999999999997
239.20000000000002,-1.2799999999999998
239.24,-1.2799999999999998
239.28,-1.1999999999999997
239.32,-1.2799999999999998
239.36,-1.1999999999999997
239.4,-1.2799999999999998
239.44,-1.1999999999999997
239.48000000000002,-1.1999999999999997
239.52,-1.2799999999999998
239.56,-1.2799999999999998
239.6,-1.2799999999999998
239.64000000000001,-1.1999999999999997
239.68,-1.2799999999999998
239.72,-1.2799999999999998
239.76,-1.2799999999999998
239.8,-1.2799999999999998
239.84,-1.1999999999999997
239.88,-1.2799999999999998
239.92000000000002,-1.1999999999999997
239.96,-1.2799999999999998
240.0,-1.1999999999999997
240.04,-1.1999999999999997
240.08,-1.2799999999999998
240.12,-1.1999999999999997
240.16,-1.2799999999999998
240.20000000000002,-1.2799999999999998
240.24,-1.1999999999999997
240.28,-1.1999999999999997
240.32,-1.1999999999999997
240.36,-1.1999999999999997
240.4,-1.2799999999999998
240.44,-1.1999999999999997
240.48000000000002,-1.1999999999999997
240.52,-1.1999999999999997
240.56,-1.1999999999999997
240.6,-1.1999999999999997
240.64000000000001,-1.1999999999999997
240.68,-1.2799999999999998
240.72,-1.1999999999999997
240.76,-1.1999999999999997
240.8,-1.1999999999999997
240.84,-1.1999999999999997
240.88,-1.1999999999999997
240.92000000000002,-1.1999999999999997
240.96,-1.1999999999999997
241.0,-1.1999999999999997
241.04,-1.1999999999999997
241.08,-1.1999999999999997
241.12,-1.1999999999999997
241.16,-1.1999999999999997
241.20000000000002,-1.1999999999999997
241.24,-1.1999999999999997
241.28,-1.12
241.32,-1.12
241.36,-1.1999999999999997
241.4,-1.1999999999999997
241.44,-1.1999999999999997
241.48000000000002,-1.2799999999999998
241.52,-1.1999999999999997
241.56,-1.1999999999999997
241.6,-1.1999999999999997
241.64000000000001,-1.12
241.68,-1.1999999999999997
241.72,-1.1999999999999997
241.76,-1.1999999999999997
241.8,-1.1999999999999997
241.84,-1.1999999999999997
241.88,-1.1999999999999997
241.92000000000002,-1.1999999999999997
241.96,-1.1999999999999997
242.0,-1.1999999999999997
242.04,-1.1999999999999997
242.08,-1.1999999999999997
242.12,-1.04
242.16,-1.1999999999999997
242.20000000000002,-1.12
242.24,-1.12
242.28,-1.1999999999999997
242.32,-1.12
242.36,-1.1999999999999997
242.4,-1.1999999999999997
242.44,-1.12
242.48000000000002,-1.1999999999999997
242.52,-1.1999999999999997
242.56,-1.12
242.6,-1.12
242.64000000000001,-1.04
242.68,-1.12
242.72,-1.12
242.76,-1.04
242.8,-1.12
242.84,-1.12
242.88,-1.04
242.92000000000002,-1.12
242.96,-1.12
243.0,-1.04
243.04,-1.04
243.08,-1.12
243.12,-1.04
243.16,-1.04
243.20000000000002,-1.1999999999999997
243.24,-1.12
243.28,-1.04
243.32,-1.12
243.36,-1.04
243.4,-1.04
243.44,-1.04
243.48000000000002,-1.12
243.52,-1.12
243.56,-1.04
243.6,-1.1999999999999997
243.64000000000001,-1.04
243.68,-1.12
243.72,-1.04
243.76,-1.04
243.8,-1.04
243.84,-1.04
243.88,-1.12
243.92000000000002,-1.04
243.96,-1.04
244.0,-1.04
244.04,-1.04
244.08,-1.04
244.12,-1.04
244.16,-1.04
244.20000000000002,-1.04
244.24,-1.04
244.28,-1.04
244.32,-1.04
244.36,-1.04
244.4,-1.04
244.44,-1.04
244.48000000000002,-1.04
244.52,-1.04
244.56,-1.04
244.6,-1.04
244.64000000000001,-1.04
244.68,-1.04
244.72,-1.04
244.76,-1.04
244.8,-1.04
244.84,-1.04
244.88,-1.04
244.92000000000002,-1.04
244.96,-1.04
245.0,-1.04
245.04,-1.04
245.08,-1.04
245.12,-1.04
245.16,-1.04
245.20000000000002,-0.96
245.24,-1.04
245.28,-0.96
245.32,-0.96
245.36,-1.04
245.4,-1.04
245.44,-1.04
245.48000000000002,-1.04
245.52,-1.04
245.56,-1.04
245.6,-1.04
245.64000000000001,-1.04
245.68,-1.04
245.72,-1.04
245.76,-1.04
245.8,-1.04
245.84,-0.96
245.88,-0.96
245.92000000000002,-0.96
245.96,-0.96
246.0,-0.96
246.04,-0.96
246.08,-0.96
246.12,-0.96
246.16,-1.04
246.20000000000002,-0.96
246.24,-0.96
246.28,-1.04
246.32,-0.96
246.36,-0.96
246.4,-0.96
246.44,-0.96
246.48000000000002,-0.96
246.52,-0.96
246.56,-1.04
246.6,-1.04
246.64000000000001,-0.96
246.68,-1.04
246.72,-0.96
246.76000000000002,-0.8799999999999999
246.8,-0.8799999999999999
246.84,-1.04
246.88,-0.96
246.92000000000002,-0.96
246.96,-0.96
247.0,-0.96
247.04,-0.96
247.08,-0.96
247.12,-0.96
247.16,-0.96
247.20000000000002,-0.8799999999999999
247.24,-0.96
247.28,-0.96
247.32,-0.8799999999999999
247.36,-0.96
247.4,-0.96
247.44,-0.96
247.48000000000002,-0.8799999999999999
247.52,-0.8799999999999999
247.56,-0.96
247.6,-0.96
247.64000000000001,-0.96
247.68,-0.8799999999999999
247.72,-0.96
247.76000000000002,-0.8799999999999999
247.8,-0.8799999999999999
247.84,-0.96
247.88,-0.8799999999999999
247.92000000000002,-0.8799999999999999
247.96,-0.8799999999999999
248.0,-0.8799999999999999
248.04,-0.8799999999999999
248.08,-0.96
248.12,-0.8799999999999999
248.16,-0.96
248.20000000000002,-0.8799999999999999
248.24,-0.8799999999999999
248.28,-0.8799999999999999
248.32,-0.8799999999999999
248.36,-0.8799999999999999
248.4,-0.96
248.44,-0.8799999999999999
248.48000000000002,-0.96
248.52,-0.8799999999999999
248.56,-0.8799999999999999
248.6,-0.96
248.64000000000001,-0.8799999999999999
248.68,-0.96
248.72,-0.96
248.76000000000002,-0.8799999999999999
248.8,-0.8799999999999999
248.84,-0.8799999999999999
248.88,-0.8799999999999999
248.92000000000002,-0.8799999999999999
248.96,-0.8799999999999999
249.0,-0.96
249.04,-0.8799999999999999
249.08,-0.8799999999999999
249.12,-0.96
249.16,-0.8799999999999999
249.20000000000002,-0.8799999999999999
249.24,-0.8799999999999999
249.28,-0.8799999999999999
249.32,-0.96
249.36,-0.8799999999999999
249.4,-0.8799999999999999
249.44,-0.8799999999999999
249.48000000000002,-0.8799999999999999
249.52,-0.8799999999999999
249.56,-0.8799999999999999
249.6,-0.8799999999999999
249.64000000000001,-0.8799999999999999
249.68,-0.8799999999999999
249.72,-0.8799999999999999
249.76000000000002,-0.8799999999999999
249.8,-0.7999999999999998
249.84,-0.8799999999999999
249.88,-0.8799999999999999
249.92000000000002,-0.8799999999999999
249.96,-0.8799999999999999
250.0,-0.7999999999999998
250.04,-0.8799999999999999
250.08,-0.8799999999999999
250.12,-0.8799999999999999
250.16,-0.7999999999999998
250.20000000000002,-0.8799999999999999
250.24,-0.8799999999999999
250.28,-0.8799999999999999
250.32,-0.8799999999999999
250.36,-0.8799999999999999
250.4,-0.7999999999999998
250.44,-0.7999999999999998
250.48000000000002,-0.7999999999999998
250.52,-0.8799999999999999
250.56,-0.7999999999999998
250.6,-0.7199999999999998
250.64000000000001,-0.8799999999999999
250.68,-0.7999999999999998
250.72,-0.7999999999999998
250.76000000000002,-0.8799999999999999
250.8,-0.8799999999999999
250.84,-0.8799999999999999
250.88,-0.8799999999999999
250.92000000000002,-0.8799999999999999
250.96,-0.8799999999999999
251.0,-0.7999999999999998
251.04,-0.7199999999999998
251.08,-0.8799999999999999
251.12,-0.8799999999999999
251.16,-0.8799999999999999
251.20000000000002,-0.7199999999999998
251.24,-0.7999999999999998
251.28,-0.8799999999999999
251.32,-0.7999999999999998
251.36,-0.7199999999999998
251.4,-0.7999999999999998
251.44,-0.7999999999999998
251.48000000000002,-0.8799999999999999
251.52,-0.7999999999999998
251.56,-0.7199999999999998
251.6,-0.7999999999999998
251.64000000000001,-0.7999999999999998
251.68,-0.7999999999999998
251.72,-0.7999999999999998
251.76000000000002,-0.8799999999999999
251.8,-0.7999999999999998
251.84,-0.7999999999999998
251.88,-0.7999999999999998
251.92000000000002,-0.7999999999999998
251.96,-0.7999999999999998
252.0,-0.7999999999999998
252.04,-0.7199999999999998
252.08,-0.7999999999999998
252.12,-0.7199999999999998
252.16,-0.7999999999999998
252.20000000000002,-0.7999999999999998
252.24,-0.7199999999999998
252.28,-0.7199999999999998
252.32,-0.7999999999999998
252.36,-0.7999999999999998
252.4,-0.7199999999999998
252.44,-0.7999999999999998
252.48000000000002,-0.7199999999999998
252.52,-0.7199999999999998
252.56,-0.7999999999999998
252.6,-0.7199999999999998
252.64000000000001,-0.7199999999999998
252.68,-0.7999999999999998
252.72,-0.7199999999999998
252.76000000000002,-0.7999999999999998
252.8,-0.7199999999999998
252.84,-0.7999999999999998
252.88,-0.7199999999999998
252.92000000000002,-0.7999999999999998
252.96,-0.7199999999999998
253.0,-0.7199999999999998
253.04,-0.7199999999999998
253.08,-0.7199999999999998
253.12,-0.7199999999999998
253.16,-0.7999999999999998
253.20000000000002,-0.7199999999999998
253.24,-0.7999999999999998
253.28,-0.7199999999999998
253.32,-0.7199999999999998
253.36,-0.7999999999999998
253.4,-0.7199999999999998
253.44,-0.7199999999999998
253.48000000000002,-0.7199999999999998
253.52,-0.7199999999999998
253.56,-0.7199999999999998
253.6,-0.7999999999999998
253.64000000000001,-0.7199999999999998
253.68,-0.7199999999999998
253.72,-0.7199999999999998
253.76000000000002,-0.7199999999999998
253.8,-0.7199999999999998
253.84,-0.7999999999999998
253.88,-0.7199999999999998
253.92000000000002,-0.7199999999999998
253.96,-0.7199999999999998
254.0,-0.7199999999999998
254.04,-0.7199999999999998
254.08,-0.7199999999999998
254.12,-0.7199999999999998
254.16,-0.7199999999999998
254.20000000000002,-0.7199999999999998
254.24,-0.7199999999999998
254.28,-0.7199999999999998
254.32,-0.7199999999999998
254.36,-0.7199999999999998
254.4,-0.7199999999999998
254.44,-0.7199999999999998
254.48000000000002,-0.7199999999999998
254.52,-0.7199999999999998
254.56,-0.7199999999999998
254.6,-0.7199999999999998
254.64000000000001,-0.7199999999999998
254.68,-0.7199999999999998
254.72,-0.7199999999999998
254.76000000000002,-0.7199999999999998
254.8,-0.7199999999999998
254.84,-0.7199999999999998
254.88,-0.7199999999999998
254.92000000000002,-0.7199999999999998
254.96,-0.7199999999999998
255.0,-0.7199999999999998
255.04,-0.7199999999999998
255.08,-0.7199999999999998
255.12,-0.6400000000000001
255.16,-0.7199999999999998
255.20000000000002,-0.7199999999999998
255.24,-0.7199999999999998
255.28,-0.7199999999999998
255.32,-0.6400000000000001
255.36,-0.7199999999999998
255.4,-0.7199999999999998
255.44,-0.7199999999999998
255.48000000000002,-0.7199999999999998
255.52,-0.7199999999999998
255.56,-0.7199999999999998
255.6,-0.6400000000000001
255.64000000000001,-0.7199999999999998
255.68,-0.6400000000000001
255.72,-0.7199999999999998
255.76000000000002,-0.7199999999999998
255.8,-0.7199999999999998
255.84,-0.7199999999999998
255.88,-0.7199999999999998
255.92000000000002,-0.7199999999999998
255.96,-0.7199999999999998
256.0,-0.7199999999999998
256.04,-0.7199999999999998
256.08,-0.6400000000000001
256.12,-0.7199999999999998
256.16,-0.7199999999999998
256.2,-0.6400000000000001
256.24,-0.7199999999999998
256.28000000000003,-0.7199999999999998
256.32,-0.6400000000000001
256.36,-0.6400000000000001
256.4,-0.7199999999999998
256.44,-0.7199999999999998
256.48,-0.6400000000000001
256.52,-0.6400000000000001
256.56,-0.6400000000000001
256.6,-0.7199999999999998
256.64,-0.7199999999999998
256.68,-0.6400000000000001
256.72,-0.7199999999999998
256.76,-0.6400000000000001
256.8,-0.7199999999999998
256.84000000000003,-0.7199999999999998
256.88,-0.7199999999999998
256.92,-0.7199999999999998
256.96,-0.6400000000000001
257.0,-0.7199999999999998
257.04,-0.7199999999999998
257.08,-0.6400000000000001
257.12,-0.6400000000000001
257.16,-0.6400000000000001
257.2,-0.6400000000000001
257.24,-0.6400000000000001
257.28000000000003,-0.7199999999999998
257.32,-0.6400000000000001
257.36,-0.7199999999999998
257.4,-0.6400000000000001
257.44,-0.6400000000000001
257.48,-0.6400000000000001
257.52,-0.6400000000000001
257.56,-0.6400000000000001
257.6,-0.6400000000000001
257.64,-0.7199999999999998
257.68,-0.6400000000000001
257.72,-0.6400000000000001
257.76,-0.6400000000000001
257.8,-0.6400000000000001
257.84000000000003,-0.7199999999999998
257.88,-0.6400000000000001
257.92,-0.6400000000000001
257.96,-0.6400000000000001
258.0,-0.6400000000000001
258.04,-0.6400000000000001
258.08,-0.7199999999999998
258.12,-0.6400000000000001
258.16,-0.6400000000000001
258.2,-0.7199999999999998
258.24,-0.6400000000000001
258.28000000000003,-0.6400000000000001
258.32,-0.6400000000000001
258.36,-0.6400000000000001
258.4,-0.6400000000000001
258.44,-0.6400000000000001
258.48,-0.6400000000000001
258.52,-0.6400000000000001
258.56,-0.6400000000000001
258.6,-0.6400000000000001
258.64,-0.6400000000000001
258.68,-0.6400000000000001
258.72,-0.6400000000000001
258.76,-0.6400000000000001
258.8,-0.6400000000000001
258.84000000000003,-0.6400000000000001
258.88,-0.6400000000000001
258.92,-0.6400000000000001
258.96,-0.6400000000000001
259.0,-0.6400000000000001
259.04,-0.6400000000000001
259.08,-0.6400000000000001
259.12,-0.6400000000000001
259.16,-0.6400000000000001
259.2,-0.6400000000000001
259.24,-0.6400000000000001
259.28000000000003,-0.6400000000000001
259.32,-0.6400000000000001
259.36,-0.6400000000000001
259.4,-0.6400000000000001
259.44,-0.6400000000000001
259.48,-0.6400000000000001
259.52,-0.56
259.56,-0.6400000000000001
259.6,-0.6400000000000001
259.64,-0.6400000000000001
259.68,-0.6400000000000001
259.72,-0.6400000000000001
259.76,-0.6400000000000001
259.8,-0.6400000000000001
259.84000000000003,-0.6400000000000001
259.88,-0.56
259.92,-0.56
259.96,-0.56
260.0,-0.6400000000000001
260.04,-0.56
260.08,-0.6400000000000001
260.12,-0.56
260.16,-0.6400000000000001
260.2,-0.6400000000000001
260.24,-0.56
260.28000000000003,-0.6400000000000001
260.32,-0.56
260.36,-0.56
260.4,-0.6400000000000001
260.44,-0.6400000000000001
260.48,-0.56
260.52,-0.56
260.56,-0.56
260.6,-0.6400000000000001
260.64,-0.56
260.68,-0.6400000000000001
260.72,-0.56
260.76,-0.6400000000000001
260.8,-0.56
260.84000000000003,-0.56
260.88,-0.6400000000000001
260.92,-0.6400000000000001
260.96,-0.56
261.0,-0.56
261.04,-0.56
261.08,-0.56
261.12,-0.56
261.16,-0.56
261.2,-0.6400000000000001
261.24,-0.56
261.28000000000003,-0.56
261.32,-0.56
261.36,-0.56
261.4,-0.56
261.44,-0.6400000000000001
261.48,-0.56
261.52,-0.56
261.56,-0.56
261.6,-0.56
261.64,-0.6400000000000001
261.68,-0.56
261.72,-0.56
261.76,-0.56
261.8,-0.56
261.84000000000003,-0.6400000000000001
261.88,-0.56
261.92,-0.56
261.96,-0.56
262.0,-0.6400000000000001
262.04,-0.56
262.08,-0.56
262.12,-0.56
262.16,-0.56
262.2,-0.6400000000000001
262.24,-0.56
262.28000000000003,-0.56
262.32,-0.56
262.36,-0.56
262.4,-0.56
262.44,-0.56
262.48,-0.56
262.52,-0.56
262.56,-0.56
262.6,-0.56
262.64,-0.6400000000000001
262.68,-0.6400000000000001
262.72,-0.56
262.76,-0.6400000000000001
262.8,-0.56
262.84000000000003,-0.48
262.88,-0.56
262.92,-0.56
262.96,-0.6400000000000001
263.0,-0.56
263.04,-0.56
263.08,-0.6400000000000001
263.12,-0.48
263.16,-0.56
263.2,-0.56
263.24,-0.56
263.28000000000003,-0.56
263.32,-0.56
263.36,-0.56
263.4,-0.56
263.44,-0.56
263.48,-0.56
263.52,-0.56
263.56,-0.56
263.6,-0.56
263.64,-0.56
263.68,-0.56
263.72,-0.56
263.76,-0.56
263.8,-0.48
263.84000000000003,-0.48
263.88,-0.6400000000000001
263.92,-0.56
263.96,-0.6400000000000001
264.0,-0.6400000000000001
264.04,-0.56
264.08,-0.56
264.12,-0.48
264.16,-0.48
264.2,-0.56
264.24,-0.56
264.28000000000003,-0.48
264.32,-0.56
264.36,-0.48
264.4,-0.56
264.44,-0.56
264.48,-0.56
264.52,-0.56
264.56,-0.56
264.6,-0.48
264.64,-0.56
264.68,-0.56
264.72,-0.56
264.76,-0.56
264.8,-0.56
264.84000000000003,-0.56
264.88,-0.56
264.92,-0.56
264.96,-0.56
265.0,-0.56
265.04,-0.56
265.08,-0.48
265.12,-0.56
265.16,-0.56
265.2,-0.56
265.24,-0.56
265.28000000000003,-0.56
265.32,-0.56
265.36,-0.56
265.4,-0.48
265.44,-0.56
265.48,-0.56
265.52,-0.56
265.56,-0.48
265.6,-0.48
265.64,-0.48
265.68,-0.56
265.72,-0.56
265.76,-0.56
265.8,-0.56
265.84000000000003,-0.56
265.88,-0.48
265.92,-0.56
265.96,-0.56
266.0,-0.48
266.04,-0.56
266.08,-0.56
266.12,-0.56
266.16,-0.56
266.2,-0.48
266.24,-0.48
266.28000000000003,-0.48
266.32,-0.56
266.36,-0.48
266.4,-0.56
266.44,-0.56
266.48,-0.48
266.52,-0.56
266.56,-0.48
266.6,-0.56
266.64,-0.48
266.68,-0.56
266.72,-0.56
266.76,-0.48
266.8,-0.56
266.84000000000003,-0.56
266.88,-0.56
266.92,-0.48
266.96,-0.48
267.0,-0.48
267.04,-0.56
267.08,-0.56
267.12,-0.56
267.16,-0.56
267.2,-0.56
267.24,-0.56
267.28000000000003,-0.48
267.32,-0.48
267.36,-0.56
267.4,-0.56
267.44,-0.56
267.48,-0.56
267.52,-0.56
267.56,-0.56
267.6,-0.3999999999999999
267.64,-0.56
267.68,-0.56
267.72,-0.48
267.76,-0.56
267.8,-0.3999999999999999
267.84000000000003,-0.48
267.88,-0.48
267.92,-0.56
267.96,-0.48
268.0,-0.56
268.04,-0.56
268.08,-0.56
268.12,-0.3999999999999999
268.16,-0.48
268.2,-0.3999999999999999
268.24,-0.56
268.28000000000003,-0.3999999999999999
268.32,-0.56
268.36,-0.56
268.4,-0.56
268.44,-0.56
268.48,-0.3999999999999999
268.52,-0.48
268.56,-0.56
268.6,-0.56
268.64,-0.48
268.68,-0.48
268.72,-0.3999999999999999
268.76,-0.48
268.8,-0.3999999999999999
268.84000000000003,-0.48
268.88,-0.56
268.92,-0.56
268.96,-0.48
269.0,-0.48
269.04,-0.48
269.08,-0.56
269.12,-0.48
269.16,-0.48
269.2,-0.56
269.24,-0.48
269.28000000000003,-0.3999999999999999
269.32,-0.48
269.36,-0.56
269.4,-0.48
269.44,-0.3999999999999999
269.48,-0.3999999999999999
269.52,-0.48
269.56,-0.56
269.6,-0.56
269.64,-0.56
269.68,-0.56
269.72,-0.48
269.76,-0.3999999999999999
269.8,-0.3999999999999999
269.84000000000003,-0.48
269.88,-0.48
269.92,-0.3999999999999999
269.96,-0.56
270.0,-0.48
270.04,-0.3999999999999999
270.08,-0.56
270.12,-0.48
270.16,-0.48
270.2,-0.3999999999999999
270.24,-0.56
270.28000000000003,-0.48
270.32,-0.48
270.36,-0.56
270.4,-0.56
270.44,-0.48
270.48,-0.56
270.52,-0.56
270.56,-0.56
270.6,-0.56
270.64,-0.56
270.68,-0.48
270.72,-0.48
270.76,-0.48
270.8,-0.48
270.84000000000003,-0.56
270.88,-0.48
270.92,-0.48
270.96,-0.48
271.0,-0.48
271.04,-0.3999999999999999
271.08,-0.3999999999999999
271.12,-0.48
271.16,-0.48
271.2,-0.48
271.24,-0.56
271.28000000000003,-0.48
271.32,-0.48
271.36,-0.3999999999999999
271.4,-0.48
271.44,-0.48
271.48,-0.56
271.52,-0.3999999999999999
271.56,-0.56
271.6,-0.56
271.64,-0.48
271.68,-0.48
271.72,-0.48
271.76,-0.56
271.8,-0.3999999999999999
271.84000000000003,-0.48
271.88,-0.3999999999999999
271.92,-0.48
271.96,-0.56
272.0,-0.48
272.04,-0.3999999999999999
272.08,-0.48
272.12,-0.3999999999999999
272.16,-0.56
272.2,-0.56
272.24,-0.3999999999999999
272.28000000000003,-0.3999999999999999
272.32,-0.56
272.36,-0.48
272.4,-0.48
272.44,-0.48
272.48,-0.56
272.52,-0.48
272.56,-0.3999999999999999
272.6,-0.48
272.64,-0.48
272.68,-0.48
272.72,-0.3999999999999999
272.76,-0.3999999999999999
272.8,-0.56
272.84000000000003,-0.3999999999999999
272.88,-0.56
272.92,-0.48
272.96,-0.48
273.0,-0.48
273.04,-0.3999999999999999
273.08,-0.48
273.12,-0.56
273.16,-0.48
273.2,-0.3999999999999999
273.24,-0.56
273.28000000000003,-0.48
273.32,-0.56
273.36,-0.48
273.40000000000003,-0.48
273.44,-0.48
273.48,-0.48
273.52,-0.48
273.56,-0.3999999999999999
273.6,-0.3999999999999999
273.64,-0.3999999999999999
273.68,-0.48
273.72,-0.48
273.76,-0.3999999999999999
273.8,-0.56
273.84000000000003,-0.56
273.88,-0.48
273.92,-0.3999999999999999
273.96,-0.48
274.0,-0.48
274.04,-0.48
274.08,-0.48
274.12,-0.48
274.16,-0.56
274.2,-0.56
274.24,-0.48
274.28000000000003,-0.48
274.32,-0.48
274.36,-0.3999999999999999
274.40000000000003,-0.48
274.44,-0.48
274.48,-0.48
274.52,-0.48
274.56,-0.56
274.6,-0.3999999999999999
274.64,-0.48
274.68,-0.3999999999999999
274.72,-0.48
274.76,-0.3999999999999999
274.8,-0.48
274.84000000000003,-0.3999999999999999
274.88,-0.48
274.92,-0.48
274.96,-0.48
275.0,-0.3999999999999999
275.04,-0.56
275.08,-0.3999999999999999
275.12,-0.56
275.16,-0.48
275.2,-0.3999999999999999
275.24,-0.48
275.28000000000003,-0.48
275.32,-0.3999999999999999
275.36,-0.3999999999999999
275.40000000000003,-0.48
275.44,-0.48
275.48,-0.56
275.52,-0.56
275.56,-0.3999999999999999
275.6,-0.56
275.64,-0.56
275.68,-0.3999999999999999
275.72,-0.3999999999999999
275.76,-0.3999999999999999
275.8,-0.3999999999999999
275.84000000000003,-0.48
275.88,-0.56
275.92,-0.48
275.96,-0.56
276.0,-0.56
276.04,-0.48
276.08,-0.3999999999999999
276.12,-0.3999999999999999
276.16,-0.48
276.2,-0.3999999999999999
276.24,-0.3999999999999999
276.28000000000003,-0.3999999999999999
276.32,-0.3999999999999999
276.36,-0.3999999999999999
276.40000000000003,-0.56
276.44,-0.56
276.48,-0.48
276.52,-0.3999999999999999
276.56,-0.48
276.6,-0.56
276.64,-0.56
276.68,-0.48
276.72,-0.3999999999999999
276.76,-0.56
276.8,-0.56
276.84000000000003,-0.48
276.88,-0.48
276.92,-0.3999999999999999
276.96,-0.56
277.0,-0.48
277.04,-0.48
277.08,-0.48
277.12,-0.48
277.16,-0.56
277.2,-0.3999999999999999
277.24,-0.48
277.28000000000003,-0.56
277.32,-0.48
277.36,-0.48
277.40000000000003,-0.48
277.44,-0.48
277.48,-0.48
277.52,-0.48
277.56,-0.56
277.6,-0.48
277.64,-0.3999999999999999
277.68,-0.3999999999999999
277.72,-0.48
277.76,-0.48
277.8,-0.48
277.84000000000003,-0.3999999999999999
277.88,-0.3999999999999999
277.92,-0.48
277.96,-0.56
278.0,-0.48
278.04,-0.3999999999999999
278.08,-0.48
278.12,-0.48
278.16,-0.3999999999999999
278.2,-0.48
278.24,-0.3999999999999999
278.28000000000003,-0.3999999999999999
278.32,-0.48
278.36,-0.48
278.40000000000003,-0.48
278.44,-0.3999999999999999
278.48,-0.48
278.52,-0.3999999999999999
278.56,-0.3999999999999999
278.6,-0.56
278.64,-0.56
278.68,-0.48
278.72,-0.48
278.76,-0.48
278.8,-0.48
278.84000000000003,-0.48
278.88,-0.48
278.92,-0.3999999999999999
278.96,-0.3999999999999999
279.0,-0.3999999999999999
279.04,-0.48
279.08,-0.48
279.12,-0.48
279.16,-0.56
279.2,-0.48
279.24,-0.48
279.28000000000003,-0.48
279.32,-0.56
279.36,-0.48
279.40000000000003,-0.48
279.44,-0.48
279.48,-0.48
279.52,-0.56
279.56,-0.56
279.6,-0.48
279.64,-0.3999999999999999
279.68,-0.48
279.72,-0.48
279.76,-0.3999999999999999
279.8,-0.3999999999999999
279.84000000000003,-0.3999999999999999
279.88,-0.3999999999999999
279.92,-0.48
279.96,-0.48
280.0,-0.3999999999999999
280.04,-0.48
280.08,-0.56
280.12,-0.48
280.16,-0.3999999999999999
280.2,-0.56
280.24,-0.56
280.28000000000003,-0.56
280.32,-0.56
280.36,-0.56
280.40000000000003,-0.48
280.44,-0.56
280.48,-0.56
280.52,-0.56
280.56,-0.56
280.6,-0.48
280.64,-0.56
280.68,-0.3999999999999999
280.72,-0.56
280.76,-0.48
280.8,-0.56
280.84000000000003,-0.48
280.88,-0.56
280.92,-0.56
280.96,-0.3999999999999999
281.0,-0.48
281.04,-0.56
281.08,-0.48
281.12,-0.56
281.16,-0.48
281.2,-0.48
281.24,-0.56
281.28000000000003,-0.48
281.32,-0.3999999999999999
281.36,-0.48
281.40000000000003,-0.48
281.44,-0.56
281.48,-0.56
281.52,-0.56
281.56,-0.56
281.6,-0.56
281.64,-0.56
281.68,-0.48
281.72,-0.48
281.76,-0.56
281.8,-0.56
281.84000000000003,-0.56
281.88,-0.56
281.92,-0.48
281.96,-0.56
282.0,-0.48
282.04,-0.48
282.08,-0.56
282.12,-0.56
282.16,-0.48
282.2,-0.48
282.24,-0.56
282.28000000000003,-0.56
282.32,-0.56
282.36,-0.48
282.40000000000003,-0.56
282.44,-0.56
282.48,-0.48
282.52,-0.56
282.56,-0.56
282.6,-0.56
282.64,-0.48
282.68,-0.56
282.72,-0.56
282.76,-0.56
282.8,-0.48
282.84000000000003,-0.56
282.88,-0.56
282.92,-0.56
282.96,-0.48
283.0,-0.56
283.04,-0.48
283.08,-0.48
283.12,-0.56
283.16,-0.56
283.2,-0.56
283.24,-0.48
283.28000000000003,-0.56
283.32,-0.56
283.36,-0.48
283.40000000000003,-0.48
283.44,-0.56
283.48,-0.56
283.52,-0.48
283.56,-0.56
283.6,-0.56
283.64,-0.56
283.68,-0.48
283.72,-0.56
283.76,-0.56
283.8,-0.56
283.84000000000003,-0.48
283.88,-0.56
283.92,-0.48
283.96,-0.48
284.0,-0.56
284.04,-0.56
284.08,-0.56
284.12,-0.56
284.16,-0.48
284.2,-0.56
284.24,-0.56
284.28000000000003,-0.56
284.32,-0.48
284.36,-0.56
284.40000000000003,-0.48
284.44,-0.3999999999999999
284.48,-0.3999999999999999
284.52,-0.56
284.56,-0.56
284.6,-0.48
284.64,-0.56
284.68,-0.56
284.72,-0.48
284.76,-0.48
284.8,-0.56
284.84000000000003,-0.56
284.88,-0.56
284.92,-0.56
284.96,-0.56
285.0,-0.48
285.04,-0.56
285.08,-0.56
285.12,-0.56
285.16,-0.56
285.2,-0.48
285.24,-0.56
285.28000000000003,-0.56
285.32,-0.56
285.36,-0.56
285.40000000000003,-0.56
285.44,-0.56
285.48,-0.56
285.52,-0.56
285.56,-0.48
285.6,-0.56
285.64,-0.56
285.68,-0.56
285.72,-0.48
285.76,-0.48
285.8,-0.56
285.84000000000003,-0.56
285.88,-0.56
285.92,-0.56
285.96,-0.56
286.0,-0.56
286.04,-0.56
286.08,-0.56
286.12,-0.56
286.16,-0.56
286.2,-0.56
286.24,-0.56
286.28000000000003,-0.56
286.32,-0.56
286.36,-0.56
286.40000000000003,-0.56
286.44,-0.56
286.48,-0.56
286.52,-0.56
286.56,-0.56
286.6,-0.56
286.64,-0.56
286.68,-0.56
286.72,-0.56
286.76,-0.56
286.8,-0.56
286.84000000000003,-0.48
286.88,-0.48
286.92,-0.56
286.96,-0.48
287.0,-0.56
287.04,-0.56
287.08,-0.56
287.12,-0.56
287.16,-0.56
287.2,-0.48
287.24,-0.56
287.28000000000003,-0.56
287.32,-0.6400000000000001
287.36,-0.56
287.40000000000003,-0.56
287.44,-0.48
287.48,-0.56
287.52,-0.56
287.56,-0.56
287.6,-0.56
287.64,-0.56
287.68,-0.56
287.72,-0.56
287.76,-0.56
287.8,-0.56
287.84000000000003,-0.56
287.88,-0.56
287.92,-0.56
287.96,-0.56
288.0,-0.56
288.04,-0.56
288.08,-0.56
288.12,-0.56
288.16,-0.56
288.2,-0.56
288.24,-0.56
288.28000000000003,-0.56
288.32,-0.56
288.36,-0.56
288.40000000000003,-0.56
288.44,-0.56
288.48,-0.56
288.52,-0.56
288.56,-0.56
288.6,-0.56
288.64,-0.56
288.68,-0.56
288.72,-0.56
288.76,-0.56
288.8,-0.56
288.84000000000003,-0.56
288.88,-0.48
288.92,-0.56
288.96,-0.56
289.0,-0.56
289.04,-0.48
289.08,-0.56
289.12,-0.56
289.16,-0.56
289.2,-0.56
289.24,-0.56
289.28000000000003,-0.48
289.32,-0.56
289.36,-0.56
289.40000000000003,-0.56
289.44,-0.56
289.48,-0.56
289.52,-0.56
289.56,-0.56
289.6,-0.56
289.64,-0.56
289.68,-0.56
289.72,-0.56
289.76,-0.56
289.8,-0.56
289.84000000000003,-0.56
289.88,-0.6400000000000001
289.92,-0.56
289.96,-0.56
290.0,-0.56
290.04,-0.56
290.08,-0.56
290.12,-0.56
290.16,-0.56
290.2,-0.56
290.24,-0.56
290.28000000000003,-0.56
290.32,-0.56
290.36,-0.56
290.40000000000003,-0.56
290.44,-0.56
290.48,-0.6400000000000001
290.52,-0.56
290.56,-0.56
290.6,-0.56
290.64,-0.6400000000000001
290.68,-0.56
290.72,-0.56
290.76,-0.56
290.8,-0.56
290.84000000000003,-0.6400000000000001
290.88,-0.56
290.92,-0.56
290.96,-0.6400000000000001
291.0,-0.56
291.04,-0.56
291.08,-0.56
291.12,-0.56
291.16,-0.6400000000000001
291.2,-0.56
291.24,-0.56
291.28000000000003,-0.56
291.32,-0.56
291.36,-0.56
291.40000000000003,-0.6400000000000001
291.44,-0.56
291.48,-0.56
291.52,-0.56
291.56,-0.56
291.6,-0.56
291.64,-0.56
291.68,-0.56
291.72,-0.6400000000000001
291.76,-0.56
291.8,-0.56
291.84000000000003,-0.56
291.88,-0.56
291.92,-0.56
291.96,-0.56
292.0,-0.56
292.04,-0.6400000000000001
292.08,-0.56
292.12,-0.56
292.16,-0.56
292.2,-0.56
292.24,-0.56
292.28000000000003,-0.56
292.32,-0.56
292.36,-0.56
292.40000000000003,-0.6400000000000001
292.44,-0.56
292.48,-0.6400000000000001
292.52,-0.56
292.56,-0.56
292.6,-0.56
292.64,-0.56
292.68,-0.56
292.72,-0.56
292.76,-0.56
292.8,-0.56
292.84000000000003,-0.6400000000000001
292.88,-0.56
292.92,-0.56
292.96,-0.56
293.0,-0.56
293.04,-0.56
293.08,-0.56
293.12,-0.56
293.16,-0.56
293.2,-0.56
293.24,-0.56
293.28000000000003,-0.56
293.32,-0.6400000000000001
293.36,-0.56
293.40000000000003,-0.56
293.44,-0.6400000000000001
293.48,-0.56
293.52,-0.6400000000000001
293.56,-0.6400000000000001
293.6,-0.56
293.64,-0.6400000000000001
293.68,-0.56
293.72,-0.56
293.76,-0.56
293.8,-0.56
293.84000000000003,-0.56
293.88,-0.56
293.92,-0.56
293.96,-0.56
294.0,-0.56
294.04,-0.56
294.08,-0.56
294.12,-0.56
294.16,-0.56
294.2,-0.56
294.24,-0.6400000000000001
294.28000000000003,-0.56
294.32,-0.56
294.36,-0.56
294.40000000000003,-0.56
294.44,-0.56
294.48,-0.56
294.52,-0.56
294.56,-0.56
294.6,-0.56
294.64,-0.56
294.68,-0.6400000000000001
294.72,-0.56
294.76,-0.56
294.8,-0.6400000000000001
294.84000000000003,-0.56
294.88,-0.56
294.92,-0.56
294.96,-0.6400000000000001
295.0,-0.56
295.04,-0.56
295.08,-0.56
295.12,-0.56
295.16,-0.56
295.2,-0.56
295.24,-0.56
295.28000000000003,-0.6400000000000001
295.32,-0.56
295.36,-0.56
295.40000000000003,-0.56
295.44,-0.56
295.48,-0.56
295.52,-0.56
295.56,-0.56
295.6,-0.56
295.64,-0.56
295.68,-0.56
295.72,-0.56
295.76,-0.56
295.8,-0.6400000000000001
295.84000000000003,-0.56
295.88,-0.56
295.92,-0.56
295.96,-0.6400000000000001
296.0,-0.56
296.04,-0.56
296.08,-0.6400000000000001
296.12,-0.56
296.16,-0.56
296.2,-0.56
296.24,-0.56
296.28000000000003,-0.6400000000000001
296.32,-0.56
296.36,-0.6400000000000001
296.40000000000003,-0.56
296.44,-0.56
296.48,-0.56
296.52,-0.56
296.56,-0.56
296.6,-0.56
296.64,-0.6400000000000001
296.68,-0.56
296.72,-0.56
296.76,-0.56
296.8,-0.56
296.84000000000003,-0.56
296.88,-0.56
296.92,-0.56
296.96,-0.6400000000000001
297.0,-0.56
297.04,-0.6400000000000001
297.08,-0.56
297.12,-0.56
297.16,-0.56
297.2,-0.56
297.24,-0.56
297.28000000000003,-0.56
297.32,-0.6400000000000001
297.36,-0.56
297.40000000000003,-0.56
297.44,-0.6400000000000001
297.48,-0.56
297.52,-0.56
297.56,-0.56
297.6,-0.6400000000000001
297.64,-0.56
297.68,-0.56
297.72,-0.6400000000000001
297.76,-0.56
297.8,-0.6400000000000001
297.84000000000003,-0.56
297.88,-0.56
297.92,-0.56
297.96,-0.56
298.0,-0.6400000000000001
298.04,-0.6400000000000001
298.08,-0.56
298.12,-0.56
298.16,-0.56
298.2,-0.56
298.24,-0.56
298.28000000000003,-0.56
298.32,-0.56
298.36,-0.56
298.40000000000003,-0.56
298.44,-0.56
298.48,-0.56
298.52,-0.56
298.56,-0.6400000000000001
298.6,-0.56
298.64,-0.6400000000000001
298.68,-0.56
298.72,-0.6400000000000001
298.76,-0.56
298.8,-0.6400000000000001
298.84000000000003,-0.56
298.88,-0.6400000000000001
298.92,-0.56
298.96,-0.6400000000000001
299.0,-0.6400000000000001
299.04,-0.56
299.08,-0.56
299.12,-0.56
299.16,-0.56
299.2,-0.6400000000000001
299.24,-0.56
299.28000000000003,-0.56
299.32,-0.6400000000000001
299.36,-0.56
299.40000000000003,-0.56
299.44,-0.6400000000000001
299.48,-0.56
299.52,-0.56
299.56,-0.56
299.6,-0.56
299.64,-0.6400000000000001
299.68,-0.56
299.72,-0.56
299.76,-0.56
299.8,-0.6400000000000001
299.84000000000003,-0.56
299.88,-0.56
299.92,-0.56
299.96,-0.56
300.0,-0.6400000000000001
300.04,-0.56
300.08,-0.56
300.12,-0.6400000000000001
300.16,-0.56
300.2,-0.56
300.24,-0.56
300.28000000000003,-0.56
300.32,-0.6400000000000001
300.36,-0.6400000000000001
300.40000000000003,-0.56
300.44,-0.6400000000000001
300.48,-0.56
300.52,-0.6400000000000001
300.56,-0.6400000000000001
300.6,-0.6400000000000001
300.64,-0.56
300.68,-0.6400000000000001
300.72,-0.56
300.76,-0.56
300.8,-0.56
300.84000000000003,-0.56
300.88,-0.56
300.92,-0.56
300.96,-0.56
301.0,-0.56
301.04,-0.56
301.08,-0.56
301.12,-0.56
301.16,-0.6400000000000001
301.2,-0.56
301.24,-0.56
301.28000000000003,-0.56
301.32,-0.56
301.36,-0.56
301.40000000000003,-0.6400000000000001
301.44,-0.56
301.48,-0.6400000000000001
301.52,-0.56
301.56,-0.56
301.6,-0.56
301.64,-0.56
301.68,-0.56
301.72,-0.56
301.76,-0.6400000000000001
301.8,-0.6400000000000001
301.84000000000003,-0.6400000000000001
301.88,-0.6400000000000001
301.92,-0.6400000000000001
301.96,-0.6400000000000001
302.0,-0.56
302.04,-0.6400000000000001
302.08,-0.56
302.12,-0.56
302.16,-0.56
302.2,-0.56
302.24,-0.6400000000000001
302.28000000000003,-0.56
302.32,-0.56
302.36,-0.56
302.40000000000003,-0.56
302.44,-0.56
302.48,-0.48
302.52,-0.56
302.56,-0.56
302.6,-0.56
302.64,-0.56
302.68,-0.56
302.72,-0.56
302.76,-0.56
302.8,-0.56
302.84000000000003,-0.56
302.88,-0.56
302.92,-0.56
302.96,-0.56
303.0,-0.56
303.04,-0.56
303.08,-0.56
303.12,-0.56
303.16,-0.56
303.2,-0.6400000000000001
303.24,-0.56
303.28000000000003,-0.6400000000000001
303.32,-0.6400000000000001
303.36,-0.56
303.40000000000003,-0.56
303.44,-0.56
303.48,-0.6400000000000001
303.52,-0.56
303.56,-0.56
303.6,-0.56
303.64,-0.6400000000000001
303.68,-0.6400000000000001
303.72,-0.56
303.76,-0.56
303.8,-0.56
303.84000000000003,-0.56
303.88,-0.6400000000000001
303.92,-0.6400000000000001
303.96,-0.56
304.0,-0.56
304.04,-0.56
304.08,-0.56
304.12,-0.56
304.16,-0.56
304.2,-0.56
304.24,-0.6400000000000001
304.28000000000003,-0.56
304.32,-0.56
304.36,-0.56
304.40000000000003,-0.56
304.44,-0.56
304.48,-0.56
304.52,-0.56
304.56,-0.56
304.6,-0.6400000000000001
304.64,-0.56
304.68,-0.56
304.72,-0.6400000000000001
304.76,-0.56
304.8,-0.56
304.84000000000003,-0.56
304.88,-0.56
304.92,-0.56
304.96,-0.6400000000000001
305.0,-0.56
305.04,-0.56
305.08,-0.56
305.12,-0.56
305.16,-0.56
305.2,-0.56
305.24,-0.56
305.28000000000003,-0.6400000000000001
305.32,-0.56
305.36,-0.56
305.40000000000003,-0.56
305.44,-0.56
305.48,-0.56
305.52,-0.56
305.56,-0.6400000000000001
305.6,-0.56
305.64,-0.6400000000000001
305.68,-0.56
305.72,-0.56
305.76,-0.56
305.8,-0.56
305.84000000000003,-0.56
305.88,-0.56
305.92,-0.6400000000000001
305.96,-0.56
306.0,-0.6400000000000001
306.04,-0.56
306.08,-0.6400000000000001
306.12,-0.56
306.16,-0.6400000000000001
306.2,-0.56
306.24,-0.56
306.28000000000003,-0.56
306.32,-0.6400000000000001
306.36,-0.56
306.40000000000003,-0.56
306.44,-0.56
306.48,-0.56
306.52,-0.56
306.56,-0.6400000000000001
306.6,-0.6400000000000001
306.64,-0.56
306.68,-0.56
306.72,-0.56
306.76,-0.56
306.8,-0.6400000000000001
306.84000000000003,-0.56
306.88,-0.56
306.92,-0.56
306.96,-0.56
307.0,-0.56
307.04,-0.6400000000000001
307.08,-0.56
307.12,-0.6400000000000001
307.16,-0.56
307.2,-0.56
307.24,-0.56
307.28000000000003,-0.56
307.32,-0.56
307.36,-0.56
307.40000000000003,-0.56
307.44,-0.56
307.48,-0.6400000000000001
307.52,-0.56
307.56,-0.56
307.6,-0.56
307.64,-0.56
307.68,-0.56
307.72,-0.56
307.76,-0.56
307.8,-0.56
307.84000000000003,-0.56
307.88,-0.56
307.92,-0.56
307.96,-0.56
308.0,-0.56
308.04,-0.56
308.08,-0.56
308.12,-0.56
308.16,-0.56
308.2,-0.56
308.24,-0.56
308.28000000000003,-0.6400000000000001
308.32,-0.56
308.36,-0.56
308.40000000000003,-0.56
308.44,-0.56
308.48,-0.56
308.52,-0.56
308.56,-0.56
308.6,-0.56
308.64,-0.56
308.68,-0.56
308.72,-0.56
308.76,-0.56
308.8,-0.48
308.84000000000003,-0.56
308.88,-0.56
308.92,-0.56
308.96,-0.56
309.0,-0.56
309.04,-0.56
309.08,-0.56
309.12,-0.56
309.16,-0.56
309.2,-0.56
309.24,-0.56
309.28000000000003,-0.56
309.32,-0.56
309.36,-0.56
309.40000000000003,-0.56
309.44,-0.56
309.48,-0.56
309.52,-0.56
309.56,-0.6400000000000001
309.6,-0.56
309.64,-0.56
309.68,-0.6400000000000001
309.72,-0.56
309.76,-0.56
309.8,-0.56
309.84000000000003,-0.6400000000000001
309.88,-0.56
309.92,-0.6400000000000001
309.96,-0.56
310.0,-0.6400000000000001
310.04,-0.56
310.08,-0.6400000000000001
310.12,-0.56
310.16,-0.56
310.2,-0.56
310.24,-0.56
310.28000000000003,-0.56
310.32,-0.56
310.36,-0.56
310.40000000000003,-0.56
310.44,-0.56
310.48,-0.56
310.52,-0.56
310.56,-0.56
310.6,-0.56
310.64,-0.56
310.68,-0.56
310.72,-0.56
310.76,-0.56
310.8,-0.56
310.84000000000003,-0.56
310.88,-0.56
310.92,-0.56
310.96,-0.56
311.0,-0.56
311.04,-0.56
311.08,-0.56
311.12,-0.56
311.16,-0.56
311.2,-0.56
311.24,-0.56
311.28000000000003,-0.48
311.32,-0.56
311.36,-0.56
311.40000000000003,-0.56
311.44,-0.6400000000000001
311.48,-0.56
311.52,-0.56
311.56,-0.56
311.6,-0.56
311.64,-0.56
311.68,-0.56
311.72,-0.56
311.76,-0.56
311.8,-0.56
311.84000000000003,-0.56
311.88,-0.56
311.92,-0.56
311.96,-0.56
312.0,-0.56
312.04,-0.56
312.08,-0.56
312.12,-0.56
312.16,-0.56
312.2,-0.56
312.24,-0.56
312.28000000000003,-0.56
312.32,-0.56
312.36,-0.56
312.40000000000003,-0.56
312.44,-0.56
312.48,-0.56
312.52,-0.48
312.56,-0.56
312.6,-0.56
312.64,-0.56
312.68,-0.56
312.72,-0.56
312.76,-0.56
312.8,-0.56
312.84000000000003,-0.56
312.88,-0.56
312.92,-0.56
312.96,-0.56
313.0,-0.56
313.04,-0.56
313.08,-0.56
313.12,-0.56
313.16,-0.56
313.2,-0.56
313.24,-0.6400000000000001
313.28000000000003,-0.56
313.32,-0.56
313.36,-0.56
313.40000000000003,-0.56
313.44,-0.56
313.48,-0.6400000000000001
313.52,-0.56
313.56,-0.56
313.6,-0.56
313.64,-0.56
313.68,-0.56
313.72,-0.56
313.76,-0.56
313.8,-0.56
313.84000000000003,-0.56
313.88,-0.56
313.92,-0.56
313.96,-0.56
314.0,-0.56
314.04,-0.56
314.08,-0.56
314.12,-0.56
314.16,-0.56
314.2,-0.56
314.24,-0.56
314.28000000000003,-0.56
314.32,-0.56
314.36,-0.56
314.40000000000003,-0.56
314.44,-0.56
314.48,-0.56
314.52,-0.56
314.56,-0.56
314.6,-0.48
314.64,-0.56
314.68,-0.56
314.72,-0.56
314.76,-0.56
314.8,-0.56
314.84000000000003,-0.48
314.88,-0.56
314.92,-0.48
314.96,-0.56
315.0,-0.56
315.04,-0.56
315.08,-0.48
315.12,-0.56
315.16,-0.56
315.2,-0.56
315.24,-0.56
315.28000000000003,-0.48
315.32,-0.48
315.36,-0.56
315.40000000000003,-0.48
315.44,-0.56
315.48,-0.56
315.52,-0.56
315.56,-0.56
315.6,-0.48
315.64,-0.56
315.68,-0.56
315.72,-0.56
315.76,-0.56
315.8,-0.56
315.84000000000003,-0.56
315.88,-0.56
315.92,-0.56
315.96,-0.48
316.0,-0.56
316.04,-0.48
316.08,-0.48
316.12,-0.48
316.16,-0.56
316.2,-0.56
316.24,-0.48
316.28000000000003,-0.56
316.32,-0.56
316.36,-0.48
316.40000000000003,-0.56
316.44,-0.48
316.48,-0.56
316.52,-0.56
316.56,-0.56
316.6,-0.56
316.64,-0.56
316.68,-0.56
316.72,-0.56
316.76,-0.56
316.8,-0.56
316.84000000000003,-0.56
316.88,-0.56
316.92,-0.56
316.96,-0.56
317.0,-0.56
317.04,-0.56
317.08,-0.56
317.12,-0.56
317.16,-0.56
317.2,-0.56
317.24,-0.48
317.28000000000003,-0.56
317.32,-0.56
317.36,-0.56
317.40000000000003,-0.56
317.44,-0.48
317.48,-0.56
317.52,-0.56
317.56,-0.56
317.6,-0.56
317.64,-0.48
317.68,-0.56
317.72,-0.56
317.76,-0.56
317.8,-0.56
317.84000000000003,-0.48
317.88,-0.56
317.92,-0.48
317.96,-0.56
318.0,-0.56
318.04,-0.48
318.08,-0.56
318.12,-0.56
318.16,-0.56
318.2,-0.56
318.24,-0.48
318.28000000000003,-0.56
318.32,-0.56
318.36,-0.48
318.40000000000003,-0.48
318.44,-0.56
318.48,-0.3999999999999999
318.52,-0.48
318.56,-0.48
318.6,-0.56
318.64,-0.48
318.68,-0.48
318.72,-0.48
318.76,-0.48
318.8,-0.48
318.84000000000003,-0.3999999999999999
318.88,-0.3999999999999999
318.92,-0.56
318.96,-0.56
319.0,-0.48
319.04,-0.56
319.08,-0.48
319.12,-0.48
319.16,-0.56
319.2,-0.56
319.24,-0.56
319.28000000000003,-0.56
319.32,-0.56
319.36,-0.48
319.40000000000003,-0.56
319.44,-0.56
319.48,-0.48
319.52,-0.48
319.56,-0.48
319.6,-0.56
319.64,-0.3999999999999999
319.68,-0.3999999999999999
319.72,-0.48
319.76,-0.56
319.8,-0.56
319.84000000000003,-0.56
319.88,-0.48
319.92,-0.56
319.96,-0.48
320.0,-0.3999999999999999
320.04,-0.3999999999999999
320.08,-0.3999999999999999
320.12,-0.48
320.16,-0.56
320.2,-0.56
320.24,-0.3999999999999999
320.28000000000003,-0.48
320.32,-0.48
320.36,-0.56
320.40000000000003,-0.48
320.44,-0.56
320.48,-0.3999999999999999
320.52,-0.3999999999999999
320.56,-0.3999999999999999
320.6,-0.48
320.64,-0.3999999999999999
320.68,-0.48
320.72,-0.3999999999999999
320.76,-0.56
320.8,-0.48
320.84000000000003,-0.48
320.88,-0.48
320.92,-0.56
320.96,-0.56
321.0,-0.48
321.04,-0.3999999999999999
321.08,-0.3999999999999999
321.12,-0.48
321.16,-0.48
321.2,-0.48
321.24,-0.56
321.28000000000003,-0.48
321.32,-0.3999999999999999
321.36,-0.48
321.40000000000003,-0.56
321.44,-0.48
321.48,-0.3999999999999999
321.52,-0.3999999999999999
321.56,-0.48
321.6,-0.56
321.64,-0.56
321.68,-0.48
321.72,-0.3999999999999999
321.76,-0.48
321.8,-0.56
321.84000000000003,-0.48
321.88,-0.56
321.92,-0.48
321.96,-0.48
322.0,-0.56
322.04,-0.48
322.08,-0.3999999999999999
322.12,-0.48
322.16,-0.3999999999999999
322.2,-0.48
322.24,-0.56
322.28000000000003,-0.3999999999999999
322.32,-0.56
322.36,-0.48
322.40000000000003,-0.48
322.44,-0.3999999999999999
322.48,-0.48
322.52,-0.48
322.56,-0.48
322.6,-0.3999999999999999
322.64,-0.56
322.68,-0.48
322.72,-0.56
322.76,-0.48
322.8,-0.56
322.84000000000003,-0.56
322.88,-0.56
322.92,-0.48
322.96,-0.56
323.0,-0.48
323.04,-0.3999999999999999
323.08,-0.48
323.12,-0.3999999999999999
323.16,-0.48
323.2,-0.48
323.24,-0.48
323.28000000000003,-0.3999999999999999
323.32,-0.48
323.36,-0.48
323.40000000000003,-0.48
323.44,-0.3999999999999999
323.48,-0.3999999999999999
323.52,-0.48
323.56,-0.56
323.6,-0.3999999999999999
323.64,-0.48
323.68,-0.56
323.72,-0.3999999999999999
323.76,-0.48
323.8,-0.3999999999999999
323.84000000000003,-0.3999999999999999
323.88,-0.3999999999999999
323.92,-0.48
323.96,-0.48
324.0,-0.3999999999999999
324.04,-0.48
324.08,-0.48
324.12,-0.3999999999999999
324.16,-0.3999999999999999
324.2,-0.3999999999999999
324.24,-0.48
324.28000000000003,-0.48
324.32,-0.48
324.36,-0.3999999999999999
324.40000000000003,-0.48
324.44,-0.3999999999999999
324.48,-0.3999999999999999
324.52,-0.3999999999999999
324.56,-0.48
324.6,-0.3999999999999999
324.64,-0.48
324.68,-0.3999999999999999
324.72,-0.3999999999999999
324.76,-0.3999999999999999
324.8,-0.48
324.84000000000003,-0.48
324.88,-0.3999999999999999
324.92,-0.3999999999999999
324.96,-0.48
325.0,-0.3999999999999999
325.04,-0.48
325.08,-0.3999999999999999
325.12,-0.48
325.16,-0.3999999999999999
325.2,-0.3999999999999999
325.24,-0.3999999999999999
325.28000000000003,-0.48
325.32,-0.3999999999999999
325.36,-0.3999999999999999
325.40000000000003,-0.48
325.44,-0.56
325.48,-0.48
325.52,-0.48
325.56,-0.3999999999999999
325.6,-0.3999999999999999
325.64,-0.48
325.68,-0.48
325.72,-0.3999999999999999
325.76,-0.48
325.8,-0.3999999999999999
325.84000000000003,-0.3999999999999999
325.88,-0.48
325.92,-0.3999999999999999
325.96,-0.48
326.0,-0.48
326.04,-0.3999999999999999
326.08,-0.3999999999999999
326.12,-0.3999999999999999
326.16,-0.48
326.2,-0.3999999999999999
326.24,-0.48
326.28000000000003,-0.3999999999999999
326.32,-0.48
326.36,-0.48
326.40000000000003,-0.3999999999999999
326.44,-0.3999999999999999
326.48,-0.3999999999999999
326.52,-0.3999999999999999
326.56,-0.48
326.6,-0.3999999999999999
326.64,-0.3999999999999999
326.68,-0.3999999999999999
326.72,-0.48
326.76,-0.3999999999999999
326.8,-0.3999999999999999
326.84000000000003,-0.48
326.88,-0.3999999999999999
326.92,-0.3999999999999999
326.96,-0.48
327.0,-0.48
327.04,-0.3999999999999999
327.08,-0.56
327.12,-0.48
327.16,-0.3999999999999999
327.2,-0.48
327.24,-0.3999999999999999
327.28000000000003,-0.3999999999999999
327.32,-0.3999999999999999
327.36,-0.3999999999999999
327.40000000000003,-0.56
327.44,-0.3999999999999999
327.48,-0.3999999999999999
327.52,-0.3999999999999999
327.56,-0.48
327.6,-0.3999999999999999
327.64,-0.48
327.68,-0.3999999999999999
327.72,-0.3999999999999999
327.76,-0.3999999999999999
327.8,-0.3999999999999999
327.84000000000003,-0.48
327.88,-0.3999999999999999
327.92,-0.3999999999999999
327.96,-0.3999999999999999
328.0,-0.3999999999999999
328.04,-0.3999999999999999
328.08,-0.48
328.12,-0.3999999999999999
328.16,-0.48
328.2,-0.3999999999999999
328.24,-0.48
328.28000000000003,-0.3999999999999999
328.32,-0.48
328.36,-0.3999999999999999
328.40000000000003,-0.48
328.44,-0.3999999999999999
328.48,-0.48
328.52,-0.3999999999999999
328.56,-0.3999999999999999
328.6,-0.48
328.64,-0.3999999999999999
328.68,-0.48
328.72,-0.3999999999999999
328.76,-0.3999999999999999
328.8,-0.48
328.84000000000003,-0.3999999999999999
328.88,-0.3999999999999999
328.92,-0.48
328.96,-0.3999999999999999
329.0,-0.3999999999999999
329.04,-0.3999999999999999
329.08,-0.3999999999999999
329.12,-0.3999999999999999
329.16,-0.48
329.2,-0.48
329.24,-0.3999999999999999
329.28000000000003,-0.3999999999999999
329.32,-0.3999999999999999
329.36,-0.3999999999999999
329.40000000000003,-0.3999999999999999
329.44,-0.3999999999999999
329.48,-0.3999999999999999
329.52,-0.3999999999999999
329.56,-0.3999999999999999
329.6,-0.3999999999999999
329.64,-0.3999999999999999
329.68,-0.3999999999999999
329.72,-0.3999999999999999
329.76,-0.3999999999999999
329.8,-0.3999999999999999
329.84000000000003,-0.3999999999999999
329.88,-0.3999999999999999
329.92,-0.48
329.96,-0.3999999999999999
330.0,-0.3999999999999999
330.04,-0.3999999999999999
330.08,-0.48
330.12,-0.3999999999999999
330.16,-0.48
330.2,-0.31999999999999984
330.24,-0.3999999999999999
330.28000000000003,-0.3999999999999999
330.32,-0.3999999999999999
330.36,-0.56
330.40000000000003,-0.3999999999999999
330.44,-0.3999999999999999
330.48,-0.3999999999999999
330.52,-0.3999999999999999
330.56,-0.3999999999999999
330.6,-0.48
330.64,-0.3999999999999999
330.68,-0.3999999999999999
330.72,-0.3999999999999999
330.76,-0.48
330.8,-0.3999999999999999
330.84000000000003,-0.3999999999999999
330.88,-0.48
330.92,-0.3999999999999999
330.96,-0.48
331.0,-0.3999999999999999
331.04,-0.3999999999999999
331.08,-0.3999999999999999
331.12,-0.3999999999999999
331.16,-0.3999999999999999
331.2,-0.3999999999999999
331.24,-0.3999999999999999
331.28000000000003,-0.48
331.32,-0.48
331.36,-0.3999999999999999
331.40000000000003,-0.3999999999999999
331.44,-0.3999999999999999
331.48,-0.3999999999999999
331.52,-0.3999999999999999
331.56,-0.48
331.6,-0.3999999999999999
331.64,-0.3999999999999999
331.68,-0.3999999999999999
331.72,-0.3999999999999999
331.76,-0.3999999999999999
331.8,-0.3999999999999999
331.84000000000003,-0.48
331.88,-0.3999999999999999
331.92,-0.48
331.96,-0.3999999999999999
332.0,-0.3999999999999999
332.04,-0.3999999999999999
332.08,-0.48
332.12,-0.3999999999999999
332.16,-0.48
332.2,-0.3999999999999999
332.24,-0.3999999999999999
332.28000000000003,-0.3999999999999999
332.32,-0.3999999999999999
332.36,-0.3999999999999999
332.40000000000003,-0.3999999999999999
332.44,-0.3999999999999999
332.48,-0.3999999999999999
332.52,-0.3999999999999999
332.56,-0.3999999999999999
332.6,-0.3999999999999999
332.64,-0.3999999999999999
332.68,-0.3999999999999999
332.72,-0.3999999999999999
332.76,-0.48
332.8,-0.3999999999999999
332.84000000000003,-0.3999999999999999
332.88,-0.3999999999999999
332.92,-0.3999999999999999
332.96,-0.3999999999999999
333.0,-0.3999999999999999
333.04,-0.3999999999999999
333.08,-0.3999999999999999
333.12,-0.3999999999999999
333.16,-0.3999999999999999
333.2,-0.3999999999999999
333.24,-0.48
333.28000000000003,-0.31999999999999984
333.32,-0.3999999999999999
333.36,-0.3999999999999999
333.40000000000003,-0.3999999999999999
333.44,-0.3999999999999999
333.48,-0.3999999999999999
333.52,-0.3999999999999999
333.56,-0.3999999999999999
333.6,-0.3999999999999999
333.64,-0.3999999999999999
333.68,-0.48
333.72,-0.3999999999999999
333.76,-0.48
333.8,-0.3999999999999999
333.84000000000003,-0.3999999999999999
333.88,-0.48
333.92,-0.3999999999999999
333.96,-0.48
334.0,-0.3999999999999999
334.04,-0.3999999999999999
334.08,-0.31999999999999984
334.12,-0.3999999999999999
334.16,-0.3999999999999999
334.2,-0.3999999999999999
334.24,-0.3999999999999999
334.28000000000003,-0.3999999999999999
334.32,-0.3999999999999999
334.36,-0.3999999999999999
334.40000000000003,-0.3999999999999999
334.44,-0.3999999999999999
334.48,-0.3999999999999999
334.52,-0.3999999999999999
334.56,-0.3999999999999999
334.6,-0.3999999999999999
334.64,-0.3999999999999999
334.68,-0.3999999999999999
334.72,-0.3999999999999999
334.76,-0.3999999999999999
334.8,-0.3999999999999999
334.84000000000003,-0.3999999999999999
334.88,-0.3999999999999999
334.92,-0.3999999999999999
334.96,-0.3999999999999999
335.0,-0.3999999999999999
335.04,-0.3999999999999999
335.08,-0.3999999999999999
335.12,-0.3999999999999999
335.16,-0.3999999999999999
335.2,-0.3999999999999999
335.24,-0.3999999999999999
335.28000000000003,-0.3999999999999999
335.32,-0.48
335.36,-0.3999999999999999
335.40000000000003,-0.3999999999999999
335.44,-0.3999999999999999
335.48,-0.3999999999999999
335.52,-0.3999999999999999
335.56,-0.3999999999999999
335.6,-0.3999999999999999
335.64,-0.3999999999999999
335.68,-0.3999999999999999
335.72,-0.3999999999999999
335.76,-0.3999999999999999
335.8,-0.3999999999999999
335.84000000000003,-0.3999999999999999
335.88,-0.3999999999999999
335.92,-0.3999999999999999
335.96,-0.3999999999999999
336.0,-0.3999999999999999
336.04,-0.3999999999999999
336.08,-0.3999999999999999
336.12,-0.3999999999999999
336.16,-0.3999999999999999
336.2,-0.3999999999999999
336.24,-0.3999999999999999
336.28000000000003,-0.3999999999999999
336.32,-0.3999999999999999
336.36,-0.3999999999999999
336.40000000000003,-0.3999999999999999
336.44,-0.31999999999999984
336.48,-0.3999999999999999
336.52,-0.3999999999999999
336.56,-0.3999999999999999
336.6,-0.3999999999999999
336.64,-0.3999999999999999
336.68,-0.3999999999999999
336.72,-0.3999999999999999
336.76,-0.3999999999999999
336.8,-0.3999999999999999
336.84000000000003,-0.3999999999999999
336.88,-0.3999999999999999
336.92,-0.3999999999999999
336.96,-0.3999999999999999
337.0,-0.3999999999999999
337.04,-0.3999999999999999
337.08,-0.3999999999999999
337.12,-0.3999999999999999
337.16,-0.3999999999999999
337.2,-0.3999999999999999
337.24,-0.3999999999999999
337.28000000000003,-0.3999999999999999
337.32,-0.3999999999999999
337.36,-0.3999999999999999
337.40000000000003,-0.3999999999999999
337.44,-0.3999999999999999
337.48,-0.3999999999999999
337.52,-0.3999999999999999
337.56,-0.3999999999999999
337.6,-0.48
337.64,-0.3999999999999999
337.68,-0.3999999999999999
337.72,-0.3999999999999999
337.76,-0.3999999999999999
337.8,-0.3999999999999999
337.84000000000003,-0.3999999999999999
337.88,-0.3999999999999999
337.92,-0.3999999999999999
337.96,-0.3999999999999999
338.0,-0.3999999999999999
338.04,-0.3999999999999999
338.08,-0.3999999999999999
338.12,-0.3999999999999999
338.16,-0.3999999999999999
338.2,-0.3999999999999999
338.24,-0.3999999999999999
338.28000000000003,-0.3999999999999999
338.32,-0.3999999999999999
338.36,-0.3999999999999999
338.40000000000003,-0.3999999999999999
338.44,-0.3999999999999999
338.48,-0.3999999999999999
338.52,-0.3999999999999999
338.56,-0.3999999999999999
338.6,-0.3999999999999999
338.64,-0.3999999999999999
338.68,-0.3999999999999999
338.72,-0.3999999999999999
338.76,-0.3999999999999999
338.8,-0.3999999999999999
338.84000000000003,-0.3999999999999999
338.88,-0.3999999999999999
338.92,-0.3999999999999999
338.96,-0.3999999999999999
339.0,-0.3999999999999999
339.04,-0.3999999999999999
339.08,-0.3999999999999999
339.12,-0.3999999999999999
339.16,-0.3999999999999999
339.2,-0.3999999999999999
339.24,-0.3999999999999999
339.28000000000003,-0.3999999999999999
339.32,-0.3999999999999999
339.36,-0.3999999999999999
339.40000000000003,-0.3999999999999999
339.44,-0.3999999999999999
339.48,-0.3999999999999999
339.52,-0.3999999999999999
339.56,-0.3999999999999999
339.6,-0.3999999999999999
339.64,-0.3999999999999999
339.68,-0.3999999999999999
339.72,-0.3999999999999999
339.76,-0.3999999999999999
339.8,-0.3999999999999999
339.84000000000003,-0.3999999999999999
339.88,-0.3999999999999999
339.92,-0.3999999999999999
339.96,-0.3999999999999999
340.0,-0.3999999999999999
340.04,-0.3999999999999999
340.08,-0.3999999999999999
340.12,-0.3999999999999999
340.16,-0.3999999999999999
340.2,-0.3999999999999999
340.24,-0.3999999999999999
340.28000000000003,-0.3999999999999999
340.32,-0.3999999999999999
340.36,-0.3999999999999999
340.40000000000003,-0.3999999999999999
340.44,-0.3999999999999999
340.48,-0.3999999999999999
340.52,-0.3999999999999999
340.56,-0.3999999999999999
340.6,-0.3999999999999999
340.64,-0.3999999999999999
340.68,-0.3999999999999999
340.72,-0.3999999999999999
340.76,-0.3999999999999999
340.8,-0.3999999999999999
340.84000000000003,-0.3999999999999999
340.88,-0.3999999999999999
340.92,-0.3999999999999999
340.96,-0.3999999999999999
341.0,-0.3999999999999999
341.04,-0.31999999999999984
341.08,-0.3999999999999999
341.12,-0.3999999999999999
341.16,-0.3999999999999999
341.2,-0.3999999999999999
341.24,-0.3999999999999999
341.28000000000003,-0.3999999999999999
341.32,-0.3999999999999999
341.36,-0.3999999999999999
341.40000000000003,-0.3999999999999999
341.44,-0.3999999999999999
341.48,-0.31999999999999984
341.52,-0.3999999999999999
341.56,-0.3999999999999999
341.6,-0.3999999999999999
341.64,-0.3999999999999999
341.68,-0.3999999999999999
341.72,-0.3999999999999999
341.76,-0.3999999999999999
341.8,-0.3999999999999999
341.84000000000003,-0.3999999999999999
341.88,-0.3999999999999999
341.92,-0.3999999999999999
341.96,-0.3999999999999999
342.0,-0.3999999999999999
342.04,-0.3999999999999999
342.08,-0.3999999999999999
342.12,-0.3999999999999999
342.16,-0.3999999999999999
342.2,-0.3999999999999999
342.24,-0.3999999999999999
342.28000000000003,-0.3999999999999999
342.32,-0.3999999999999999
342.36,-0.3999999999999999
342.40000000000003,-0.3999999999999999
342.44,-0.31999999999999984
342.48,-0.3999999999999999
342.52,-0.3999999999999999
342.56,-0.3999999999999999
342.6,-0.3999999999999999
342.64,-0.31999999999999984
342.68,-0.31999999999999984
342.72,-0.3999999999999999
342.76,-0.3999999999999999
342.8,-0.3999999999999999
342.84000000000003,-0.3999999999999999
342.88,-0.3999999999999999
342.92,-0.3999999999999999
342.96,-0.31999999999999984
343.0,-0.31999999999999984
343.04,-0.3999999999999999
343.08,-0.3999999999999999
343.12,-0.3999999999999999
343.16,-0.3999999999999999
343.2,-0.3999999999999999
343.24,-0.3999999999999999
343.28000000000003,-0.3999999999999999
343.32,-0.3999999999999999
343.36,-0.3999999999999999
343.40000000000003,-0.3999999999999999
343.44,-0.31999999999999984
343.48,-0.3999999999999999
343.52,-0.3999999999999999
343.56,-0.3999999999999999
343.6,-0.3999999999999999
343.64,-0.3999999999999999
343.68,-0.3999999999999999
343.72,-0.3999999999999999
343.76,-0.3999999999999999
343.8,-0.3999999999999999
343.84000000000003,-0.3999999999999999
343.88,-0.3999999999999999
343.92,-0.3999999999999999
343.96,-0.3999999999999999
344.0,-0.3999999999999999
344.04,-0.3999999999999999
344.08,-0.31999999999999984
344.12,-0.3999999999999999
344.16,-0.3999999999999999
344.2,-0.3999999999999999
344.24,-0.31999999999999984
344.28000000000003,-0.3999999999999999
344.32,-0.3999999999999999
344.36,-0.3999999999999999
344.40000000000003,-0.3999999999999999
344.44,-0.3999999999999999
344.48,-0.3999999999999999
344.52,-0.3999999999999999
344.56,-0.3999999999999999
344.6,-0.3999999999999999
344.64,-0.31999999999999984
344.68,-0.3999999999999999
344.72,-0.3999999999999999
344.76,-0.3999999999999999
344.8,-0.3999999999999999
344.84000000000003,-0.3999999999999999
344.88,-0.3999999999999999
344.92,-0.3999999999999999
344.96,-0.3999999999999999
345.0,-0.3999999999999999
345.04,-0.3999999999999999
345.08,-0.3999999999999999
345.12,-0.3999999999999999
345.16,-0.3999999999999999
345.2,-0.3999999999999999
345.24,-0.31999999999999984
345.28000000000003,-0.3999999999999999
345.32,-0.3999999999999999
345.36,-0.3999999999999999
345.40000000000003,-0.3999999999999999
345.44,-0.31999999999999984
345.48,-0.3999999999999999
345.52,-0.31999999999999984
345.56,-0.3999999999999999
345.6,-0.3999999999999999
345.64,-0.3999999999999999
345.68,-0.3999999999999999
345.72,-0.31999999999999984
345.76,-0.31999999999999984
345.8,-0.3999999999999999
345.84000000000003,-0.3999999999999999
345.88,-0.31999999999999984
345.92,-0.3999999999999999
345.96,-0.3999999999999999
346.0,-0.3999999999999999
346.04,-0.3999999999999999
346.08,-0.3999999999999999
346.12,-0.3999999999999999
346.16,-0.3999999999999999
346.2,-0.3999999999999999
346.24,-0.3999999999999999
346.28000000000003,-0.3999999999999999
346.32,-0.3999999999999999
346.36,-0.3999999999999999
346.40000000000003,-0.3999999999999999
346.44,-0.3999999999999999
346.48,-0.31999999999999984
346.52,-0.3999999999999999
346.56,-0.3999999999999999
346.6,-0.3999999999999999
346.64,-0.3999999999999999
346.68,-0.3999999999999999
346.72,-0.3999999999999999
346.76,-0.3999999999999999
346.8,-0.3999999999999999
346.84000000000003,-0.3999999999999999
346.88,-0.3999999999999999
346.92,-0.3999999999999999
346.96,-0.3999999999999999
347.0,-0.3999999999999999
347.04,-0.3999999999999999
347.08,-0.3999999999999999
347.12,-0.3999999999999999
347.16,-0.3999999999999999
347.2,-0.3999999999999999
347.24,-0.31999999999999984
347.28000000000003,-0.3999999999999999
347.32,-0.31999999999999984
347.36,-0.3999999999999999
347.40000000000003,-0.3999999999999999
347.44,-0.31999999999999984
347.48,-0.3999999999999999
347.52,-0.3999999999999999
347.56,-0.3999999999999999
347.6,-0.3999999999999999
347.64,-0.3999999999999999
347.68,-0.3999999999999999
347.72,-0.3999999999999999
347.76,-0.3999999999999999
347.8,-0.3999999999999999
347.84000000000003,-0.31999999999999984
347.88,-0.31999999999999984
347.92,-0.3999999999999999
347.96,-0.31999999999999984
348.0,-0.31999999999999984
348.04,-0.3999999999999999
348.08,-0.3999999999999999
348.12,-0.31999999999999984
348.16,-0.3999999999999999
348.2,-0.3999999999999999
348.24,-0.3999999999999999
348.28000000000003,-0.3999999999999999
348.32,-0.31999999999999984
348.36,-0.3999999999999999
348.40000000000003,-0.3999999999999999
348.44,-0.3999999999999999
348.48,-0.3999999999999999
348.52,-0.3999999999999999
348.56,-0.31999999999999984
348.6,-0.3999999999999999
348.64,-0.31999999999999984
348.68,-0.31999999999999984
348.72,-0.3999999999999999
348.76,-0.31999999999999984
348.8,-0.3999999999999999
348.84000000000003,-0.3999999999999999
348.88,-0.31999999999999984
348.92,-0.31999999999999984
348.96,-0.3999999999999999
349.0,-0.31999999999999984
349.04,-0.3999999999999999
349.08,-0.3999999999999999
349.12,-0.31999999999999984
349.16,-0.31999999999999984
349.2,-0.3999999999999999
349.24,-0.3999999999999999
349.28000000000003,-0.3999999999999999
349.32,-0.31999999999999984
349.36,-0.31999999999999984
349.40000000000003,-0.3999999999999999
349.44,-0.31999999999999984
349.48,-0.31999999999999984
349.52,-0.31999999999999984
349.56,-0.23999999999999977
349.6,-0.31999999999999984
349.64,-0.3999999999999999
349.68,-0.3999999999999999
349.72,-0.31999999999999984
349.76,-0.31999999999999984
349.8,-0.3999999999999999
349.84000000000003,-0.3999999999999999
349.88,-0.3999999999999999
349.92,-0.3999999999999999
349.96,-0.31999999999999984
350.0,-0.3999999999999999
350.04,-0.3999999999999999
350.08,-0.31999999999999984
350.12,-0.3999999999999999
350.16,-0.3999999999999999
350.2,-0.3999999999999999
350.24,-0.3999999999999999
350.28000000000003,-0.3999999999999999
350.32,-0.31999999999999984
350.36,-0.3999999999999999
350.40000000000003,-0.3999999999999999
350.44,-0.31999999999999984
350.48,-0.3999999999999999
350.52,-0.31999999999999984
350.56,-0.31999999999999984
350.6,-0.3999999999999999
350.64,-0.31999999999999984
350.68,-0.3999999999999999
350.72,-0.31999999999999984
350.76,-0.31999999999999984
350.8,-0.3999999999999999
350.84000000000003,-0.3999999999999999
350.88,-0.31999999999999984
350.92,-0.3999999999999999
350.96,-0.3999999999999999
351.0,-0.3999999999999999
351.04,-0.31999999999999984
351.08,-0.3999999999999999
351.12,-0.3999999999999999
351.16,-0.3999999999999999
351.2,-0.3999999999999999
351.24,-0.3999999999999999
351.28000000000003,-0.3999999999999999
351.32,-0.3999999999999999
351.36,-0.3999999999999999
351.40000000000003,-0.31999999999999984
351.44,-0.3999999999999999
351.48,-0.31999999999999984
351.52,-0.31999999999999984
351.56,-0.3999999999999999
351.6,-0.3999999999999999
351.64,-0.31999999999999984
351.68,-0.3999999999999999
351.72,-0.3999999999999999
351.76,-0.31999999999999984
351.8,-0.31999999999999984
351.84000000000003,-0.31999999999999984
351.88,-0.3999999999999999
351.92,-0.3999999999999999
351.96,-0.31999999999999984
352.0,-0.3999999999999999
352.04,-0.3999999999999999
352.08,-0.3999999999999999
352.12,-0.3999999999999999
352.16,-0.31999999999999984
352.2,-0.31999999999999984
352.24,-0.3999999999999999
352.28000000000003,-0.31999999999999984
352.32,-0.31999999999999984
352.36,-0.3999999999999999
352.40000000000003,-0.31999999999999984
352.44,-0.23999999999999977
352.48,-0.31999999999999984
352.52,-0.3999999999999999
352.56,-0.31999999999999984
352.6,-0.31999999999999984
352.64,-0.3999999999999999
352.68,-0.3999999999999999
352.72,-0.31999999999999984
352.76,-0.3999999999999999
352.8,-0.31999999999999984
352.84000000000003,-0.31999999999999984
352.88,-0.3999999999999999
352.92,-0.31999999999999984
352.96,-0.31999999999999984
353.0,-0.3999999999999999
353.04,-0.31999999999999984
353.08,-0.31999999999999984
353.12,-0.31999999999999984
353.16,-0.31999999999999984
353.2,-0.3999999999999999
353.24,-0.31999999999999984
353.28000000000003,-0.31999999999999984
353.32,-0.3999999999999999
353.36,-0.3999999999999999
353.40000000000003,-0.3999999999999999
353.44,-0.3999999999999999
353.48,-0.31999999999999984
353.52,-0.3999999999999999
353.56,-0.31999999999999984
353.6,-0.3999999999999999
353.64,-0.3999999999999999
353.68,-0.31999999999999984
353.72,-0.3999999999999999
353.76,-0.3999999999999999
353.8,-0.31999999999999984
353.84000000000003,-0.31999999999999984
353.88,-0.31999999999999984
353.92,-0.31999999999999984
353.96,-0.31999999999999984
354.0,-0.23999999999999977
354.04,-0.3999999999999999
354.08,-0.3999999999999999
354.12,-0.31999999999999984
354.16,-0.31999999999999984
354.2,-0.31999999999999984
354.24,-0.3999999999999999
354.28000000000003,-0.31999999999999984
354.32,-0.31999999999999984
354.36,-0.3999999999999999
354.40000000000003,-0.31999999999999984
354.44,-0.31999999999999984
354.48,-0.31999999999999984
354.52,-0.31999999999999984
354.56,-0.31999999999999984
354.6,-0.31999999999999984
354.64,-0.3999999999999999
354.68,-0.3999999999999999
354.72,-0.31999999999999984
354.76,-0.3999999999999999
354.8,-0.31999999999999984
354.84000000000003,-0.31999999999999984
354.88,-0.31999999999999984
354.92,-0.31999999999999984
354.96,-0.3999999999999999
355.0,-0.3999999999999999
355.04,-0.31999999999999984
355.08,-0.3999999999999999
355.12,-0.31999999999999984
355.16,-0.3999999999999999
355.2,-0.31999999999999984
355.24,-0.31999999999999984
355.28000000000003,-0.3999999999999999
355.32,-0.31999999999999984
355.36,-0.31999999999999984
355.40000000000003,-0.3999999999999999
355.44,-0.3999999999999999
355.48,-0.3999999999999999
355.52,-0.31999999999999984
355.56,-0.31999999999999984
355.6,-0.3999999999999999
355.64,-0.3999999999999999
355.68,-0.31999999999999984
355.72,-0.31999999999999984
355.76,-0.31999999999999984
355.8,-0.3999999999999999
355.84000000000003,-0.31999999999999984
355.88,-0.3999999999999999
355.92,-0.23999999999999977
355.96,-0.31999999999999984
356.0,-0.3999999999999999
356.04,-0.31999999999999984
356.08,-0.3999999999999999
356.12,-0.31999999999999984
356.16,-0.3999999999999999
356.2,-0.3999999999999999
356.24,-0.3999999999999999
356.28000000000003,-0.31999999999999984
356.32,-0.3999999999999999
356.36,-0.3999999999999999
356.40000000000003,-0.31999999999999984
356.44,-0.3999999999999999
356.48,-0.31999999999999984
356.52,-0.31999999999999984
356.56,-0.3999999999999999
356.6,-0.3999999999999999
356.64,-0.31999999999999984
356.68,-0.31999999999999984
356.72,-0.31999999999999984
356.76,-0.3999999999999999
356.8,-0.3999999999999999
356.84000000000003,-0.3999999999999999
356.88,-0.31999999999999984
356.92,-0.3999999999999999
356.96,-0.31999999999999984
357.0,-0.31999999999999984
357.04,-0.3999999999999999
357.08,-0.31999999999999984
357.12,-0.3999999999999999
357.16,-0.3999999999999999
357.2,-0.31999999999999984
357.24,-0.31999999999999984
357.28000000000003,-0.3999999999999999
357.32,-0.31999999999999984
357.36,-0.3999999999999999
357.40000000000003,-0.31999999999999984
357.44,-0.31999999999999984
357.48,-0.23999999999999977
357.52,-0.31999999999999984
357.56,-0.3999999999999999
357.6,-0.31999999999999984
357.64,-0.31999999999999984
357.68,-0.3999999999999999
357.72,-0.31999999999999984
357.76,-0.31999999999999984
357.8,-0.31999999999999984
357.84000000000003,-0.31999999999999984
357.88,-0.31999999999999984
357.92,-0.3999999999999999
357.96,-0.3999999999999999
358.0,-0.31999999999999984
358.04,-0.31999999999999984
358.08,-0.31999999999999984
358.12,-0.31999999999999984
358.16,-0.3999999999999999
358.2,-0.31999999999999984
358.24,-0.31999999999999984
358.28000000000003,-0.31999999999999984
358.32,-0.31999999999999984
358.36,-0.3999999999999999
358.40000000000003,-0.3999999999999999
358.44,-0.31999999999999984
358.48,-0.23999999999999977
358.52,-0.31999999999999984
358.56,-0.31999999999999984
358.6,-0.3999999999999999
358.64,-0.31999999999999984
358.68,-0.3999999999999999
358.72,-0.31999999999999984
358.76,-0.31999999999999984
358.8,-0.3999999999999999
358.84000000000003,-0.31999999999999984
358.88,-0.3999999999999999
358.92,-0.31999999999999984
358.96,-0.3999999999999999
359.0,-0.3999999999999999
359.04,-0.31999999999999984
359.08,-0.3999999999999999
359.12,-0.3999999999999999
359.16,-0.31999999999999984
359.2,-0.3999999999999999
359.24,-0.31999999999999984
359.28000000000003,-0.3999999999999999
359.32,-0.31999999999999984
359.36,-0.31999999999999984
359.40000000000003,-0.31999999999999984
359.44,-0.31999999999999984
359.48,-0.23999999999999977
359.52,-0.31999999999999984
359.56,-0.31999999999999984
359.6,-0.3999999999999999
359.64,-0.31999999999999984
359.68,-0.3999999999999999
359.72,-0.31999999999999984
359.76,-0.3999999999999999
359.8,-0.31999999999999984
359.84000000000003,-0.23999999999999977
359.88,-0.31999999999999984
359.92,-0.23999999999999977
359.96,-0.3999999999999999
360.0,-0.31999999999999984
360.04,-0.31999999999999984
360.08,-0.3999999999999999
360.12,-0.31999999999999984
360.16,-0.23999999999999977
360.2,-0.31999999999999984
360.24,-0.3999999999999999
360.28000000000003,-0.3999999999999999
360.32,-0.31999999999999984
360.36,-0.31999999999999984
360.40000000000003,-0.31999999999999984
360.44,-0.3999999999999999
360.48,-0.31999999999999984
360.52,-0.31999999999999984
360.56,-0.31999999999999984
360.6,-0.31999999999999984
360.64,-0.3999999999999999
360.68,-0.31999999999999984
360.72,-0.23999999999999977
360.76,-0.31999999999999984
360.8,-0.31999999999999984
360.84000000000003,-0.31999999999999984
360.88,-0.31999999999999984
360.92,-0.3999999999999999
360.96,-0.3999999999999999
361.0,-0.31999999999999984
361.04,-0.3999999999999999
361.08,-0.31999999999999984
361.12,-0.3999999999999999
361.16,-0.3999999999999999
361.2,-0.31999999999999984
361.24,-0.31999999999999984
361.28000000000003,-0.31999999999999984
361.32,-0.31999999999999984
361.36,-0.31999999999999984
361.40000000000003,-0.3999999999999999
361.44,-0.31999999999999984
361.48,-0.31999999999999984
361.52,-0.31999999999999984
361.56,-0.31999999999999984
361.6,-0.3999999999999999
361.64,-0.23999999999999977
361.68,-0.31999999999999984
361.72,-0.31999999999999984
361.76,-0.31999999999999984
361.8,-0.23999999999999977
361.84000000000003,-0.3999999999999999
361.88,-0.31999999999999984
361.92,-0.31999999999999984
361.96,-0.31999999999999984
362.0,-0.3999999999999999
362.04,-0.31999999999999984
362.08,-0.31999999999999984
362.12,-0.3999999999999999
362.16,-0.31999999999999984
362.2,-0.31999999999999984
362.24,-0.31999999999999984
362.28000000000003,-0.31999999999999984
362.32,-0.23999999999999977
362.36,-0.31999999999999984
362.40000000000003,-0.31999999999999984
362.44,-0.31999999999999984
362.48,-0.3999999999999999
362.52,-0.3999999999999999
362.56,-0.31999999999999984
362.6,-0.3999999999999999
362.64,-0.31999999999999984
362.68,-0.3999999999999999
362.72,-0.3999999999999999
362.76,-0.23999999999999977
362.8,-0.23999999999999977
362.84000000000003,-0.23999999999999977
362.88,-0.3999999999999999
362.92,-0.31999999999999984
362.96,-0.31999999999999984
363.0,-0.31999999999999984
363.04,-0.31999999999999984
363.08,-0.31999999999999984
363.12,-0.23999999999999977
363.16,-0.31999999999999984
363.2,-0.31999999999999984
363.24,-0.31999999999999984
363.28000000000003,-0.23999999999999977
363.32,-0.31999999999999984
363.36,-0.31999999999999984
363.40000000000003,-0.31999999999999984
363.44,-0.31999999999999984
363.48,-0.31999999999999984
363.52,-0.23999999999999977
363.56,-0.31999999999999984
363.6,-0.31999999999999984
363.64,-0.23999999999999977
363.68,-0.31999999999999984
363.72,-0.31999999999999984
363.76,-0.31999999999999984
363.8,-0.31999999999999984
363.84000000000003,-0.31999999999999984
363.88,-0.31999999999999984
363.92,-0.31999999999999984
363.96,-0.31999999999999984
364.0,-0.31999999999999984
364.04,-0.31999999999999984
364.08,-0.3999999999999999
364.12,-0.31999999999999984
364.16,-0.3999999999999999
364.2,-0.31999999999999984
364.24,-0.31999999999999984
364.28000000000003,-0.31999999999999984
364.32,-0.31999999999999984
364.36,-0.31999999999999984
364.40000000000003,-0.31999999999999984
364.44,-0.3999999999999999
364.48,-0.31999999999999984
364.52,-0.31999999999999984
364.56,-0.3999999999999999
364.6,-0.31999999999999984
364.64,-0.31999999999999984
364.68,-0.31999999999999984
364.72,-0.31999999999999984
364.76,-0.31999999999999984
364.8,-0.31999999999999984
364.84000000000003,-0.3999999999999999
364.88,-0.31999999999999984
364.92,-0.31999999999999984
364.96,-0.3999999999999999
365.0,-0.31999999999999984
365.04,-0.31999999999999984
365.08,-0.3999999999999999
365.12,-0.31999999999999984
365.16,-0.31999999999999984
365.2,-0.31999999999999984
365.24,-0.31999999999999984
365.28000000000003,-0.3999999999999999
365.32,-0.31999999999999984
365.36,-0.31999999999999984
365.40000000000003,-0.31999999999999984
365.44,-0.31999999999999984
365.48,-0.31999999999999984
365.52,-0.3999999999999999
365.56,-0.23999999999999977
365.6,-0.31999999999999984
365.64,-0.31999999999999984
365.68,-0.31999999999999984
365.72,-0.31999999999999984
365.76,-0.31999999999999984
365.8,-0.31999999999999984
365.84000000000003,-0.3999999999999999
365.88,-0.3999999999999999
365.92,-0.23999999999999977
365.96,-0.31999999999999984
366.0,-0.31999999999999984
366.04,-0.31999999999999984
366.08,-0.31999999999999984
366.12,-0.31999999999999984
366.16,-0.31999999999999984
366.2,-0.31999999999999984
366.24,-0.31999999999999984
366.28000000000003,-0.23999999999999977
366.32,-0.31999999999999984
366.36,-0.31999999999999984
366.40000000000003,-0.31999999999999984
366.44,-0.31999999999999984
366.48,-0.31999999999999984
366.52,-0.31999999999999984
366.56,-0.3999999999999999
366.6,-0.31999999999999984
366.64,-0.31999999999999984
366.68,-0.23999999999999977
366.72,-0.31999999999999984
366.76,-0.31999999999999984
366.8,-0.31999999999999984
366.84000000000003,-0.31999999999999984
366.88,-0.31999999999999984
366.92,-0.31999999999999984
366.96,-0.31999999999999984
367.0,-0.31999999999999984
367.04,-0.31999999999999984
367.08,-0.31999999999999984
367.12,-0.31999999999999984
367.16,-0.31999999999999984
367.2,-0.31999999999999984
367.24,-0.31999999999999984
367.28000000000003,-0.31999999999999984
367.32,-0.31999999999999984
367.36,-0.31999999999999984
367.40000000000003,-0.3999999999999999
367.44,-0.23999999999999977
367.48,-0.31999999999999984
367.52,-0.31999999999999984
367.56,-0.31999999999999984
367.6,-0.31999999999999984
367.64,-0.31999999999999984
367.68,-0.31999999999999984
367.72,-0.31999999999999984
367.76,-0.31999999999999984
367.8,-0.3999999999999999
367.84000000000003,-0.31999999999999984
367.88,-0.31999999999999984
367.92,-0.31999999999999984
367.96,-0.31999999999999984
368.0,-0.31999999999999984
368.04,-0.31999999999999984
368.08,-0.31999999999999984
368.12,-0.31999999999999984
368.16,-0.31999999999999984
368.2,-0.3999999999999999
368.24,-0.31999999999999984
368.28000000000003,-0.31999999999999984
368.32,-0.23999999999999977
368.36,-0.31999999999999984
368.40000000000003,-0.31999999999999984
368.44,-0.3999999999999999
368.48,-0.31999999999999984
368.52,-0.31999999999999984
368.56,-0.31999999999999984
368.6,-0.31999999999999984
368.64,-0.31999999999999984
368.68,-0.31999999999999984
368.72,-0.23999999999999977
368.76,-0.31999999999999984
368.8,-0.31999999999999984
368.84000000000003,-0.31999999999999984
368.88,-0.3999999999999999
368.92,-0.31999999999999984
368.96,-0.31999999999999984
369.0,-0.31999999999999984
369.04,-0.31999999999999984
369.08,-0.31999999999999984
369.12,-0.31999999999999984
369.16,-0.31999999999999984
369.2,-0.31999999999999984
369.24,-0.3999999999999999
369.28000000000003,-0.23999999999999977
369.32,-0.31999999999999984
369.36,-0.31999999999999984
369.40000000000003,-0.31999999999999984
369.44,-0.31999999999999984
369.48,-0.3999999999999999
369.52,-0.3999999999999999
369.56,-0.31999999999999984
369.6,-0.31999999999999984
369.64,-0.31999999999999984
369.68,-0.31999999999999984
369.72,-0.31999999999999984
369.76,-0.3999999999999999
369.8,-0.31999999999999984
369.84000000000003,-0.3999999999999999
369.88,-0.31999999999999984
369.92,-0.31999999999999984
369.96,-0.31999999999999984
370.0,-0.31999999999999984
370.04,-0.31999999999999984
370.08,-0.3999999999999999
370.12,-0.3999999999999999
370.16,-0.31999999999999984
370.2,-0.31999999999999984
370.24,-0.3999999999999999
370.28000000000003,-0.31999999999999984
370.32,-0.3999999999999999
370.36,-0.23999999999999977
370.40000000000003,-0.31999999999999984
370.44,-0.31999999999999984
370.48,-0.31999999999999984
370.52,-0.3999999999999999
370.56,-0.3999999999999999
370.6,-0.31999999999999984
370.64,-0.31999999999999984
370.68,-0.23999999999999977
370.72,-0.23999999999999977
370.76,-0.31999999999999984
370.8,-0.31999999999999984
370.84000000000003,-0.3999999999999999
370.88,-0.31999999999999984
370.92,-0.31999999999999984
370.96,-0.31999999999999984
371.0,-0.31999999999999984
371.04,-0.31999999999999984
371.08,-0.31999999999999984
371.12,-0.31999999999999984
371.16,-0.31999999999999984
371.2,-0.31999999999999984
371.24,-0.3999999999999999
371.28000000000003,-0.31999999999999984
371.32,-0.23999999999999977
371.36,-0.31999999999999984
371.40000000000003,-0.3999999999999999
371.44,-0.31999999999999984
371.48,-0.23999999999999977
371.52,-0.31999999999999984
371.56,-0.31999999999999984
371.6,-0.23999999999999977
371.64,-0.31999999999999984
371.68,-0.31999999999999984
371.72,-0.31999999999999984
371.76,-0.23999999999999977
371.8,-0.31999999999999984
371.84000000000003,-0.31999999999999984
371.88,-0.31999999999999984
371.92,-0.31999999999999984
371.96,-0.31999999999999984
372.0,-0.31999999999999984
372.04,-0.23999999999999977
372.08,-0.23999999999999977
372.12,-0.31999999999999984
372.16,-0.23999999999999977
372.2,-0.3999999999999999
372.24,-0.3999999999999999
372.28000000000003,-0.23999999999999977
372.32,-0.31999999999999984
372.36,-0.3999999999999999
372.40000000000003,-0.31999999999999984
372.44,-0.31999999999999984
372.48,-0.31999999999999984
372.52,-0.31999999999999984
372.56,-0.31999999999999984
372.6,-0.31999999999999984
372.64,-0.31999999999999984
372.68,-0.23999999999999977
372.72,-0.31999999999999984
372.76,-0.31999999999999984
372.8,-0.3999999999999999
372.84000000000003,-0.31999999999999984
372.88,-0.31999999999999984
372.92,-0.31999999999999984
372.96,-0.31999999999999984
373.0,-0.23999999999999977
373.04,-0.31999999999999984
373.08,-0.31999999999999984
373.12,-0.31999999999999984
373.16,-0.31999999999999984
373.2,-0.31999999999999984
373.24,-0.31999999999999984
373.28000000000003,-0.31999999999999984
373.32,-0.31999999999999984
373.36,-0.31999999999999984
373.40000000000003,-0.31999999999999984
373.44,-0.31999999999999984
373.48,-0.31999999999999984
373.52,-0.23999999999999977
373.56,-0.31999999999999984
373.6,-0.23999999999999977
373.64,-0.31999999999999984
373.68,-0.31999999999999984
373.72,-0.31999999999999984
373.76,-0.31999999999999984
373.8,-0.31999999999999984
373.84000000000003,-0.23999999999999977
373.88,-0.31999999999999984
373.92,-0.31999999999999984
373.96,-0.23999999999999977
374.0,-0.23999999999999977
374.04,-0.23999999999999977
374.08,-0.23999999999999977
374.12,-0.31999999999999984
374.16,-0.31999999999999984
374.2,-0.3999999999999999
374.24,-0.23999999999999977
374.28000000000003,-0.31999999999999984
374.32,-0.31999999999999984
374.36,-0.31999999999999984
374.40000000000003,-0.31999999999999984
374.44,-0.23999999999999977
374.48,-0.31999999999999984
374.52,-0.23999999999999977
374.56,-0.31999999999999984
374.6,-0.31999999999999984
374.64,-0.31999999999999984
374.68,-0.31999999999999984
374.72,-0.31999999999999984
374.76,-0.31999999999999984
374.8,-0.31999999999999984
374.84000000000003,-0.31999999999999984
374.88,-0.23999999999999977
374.92,-0.31999999999999984
374.96,-0.31999999999999984
375.0,-0.31999999999999984
375.04,-0.31999999999999984
375.08,-0.31999999999999984
375.12,-0.31999999999999984
375.16,-0.23999999999999977
375.2,-0.23999999999999977
375.24,-0.31999999999999984
375.28000000000003,-0.31999999999999984
375.32,-0.31999999999999984
375.36,-0.31999999999999984
375.40000000000003,-0.31999999999999984
375.44,-0.31999999999999984
375.48,-0.31999999999999984
375.52,-0.31999999999999984
375.56,-0.31999999999999984
375.6,-0.31999999999999984
375.64,-0.31999999999999984
375.68,-0.23999999999999977
375.72,-0.31999999999999984
375.76,-0.23999999999999977
375.8,-0.31999999999999984
375.84000000000003,-0.31999999999999984
375.88,-0.23999999999999977
375.92,-0.31999999999999984
375.96,-0.31999999999999984
376.0,-0.23999999999999977
376.04,-0.31999999999999984
376.08,-0.31999999999999984
376.12,-0.31999999999999984
376.16,-0.31999999999999984
376.2,-0.23999999999999977
376.24,-0.3999999999999999
376.28000000000003,-0.31999999999999984
376.32,-0.31999999999999984
376.36,-0.23999999999999977
376.40000000000003,-0.31999999999999984
376.44,-0.31999999999999984
376.48,-0.31999999999999984
376.52,-0.31999999999999984
376.56,-0.31999999999999984
376.6,-0.23999999999999977
376.64,-0.23999999999999977
376.68,-0.31999999999999984
376.72,-0.31999999999999984
376.76,-0.31999999999999984
376.8,-0.31999999999999984
376.84000000000003,-0.31999999999999984
376.88,-0.31999999999999984
376.92,-0.31999999999999984
376.96,-0.31999999999999984
377.0,-0.31999999999999984
377.04,-0.23999999999999977
377.08,-0.31999999999999984
377.12,-0.23999999999999977
377.16,-0.31999999999999984
377.2,-0.23999999999999977
377.24,-0.31999999999999984
377.28000000000003,-0.31999999999999984
377.32,-0.23999999999999977
377.36,-0.23999999999999977
377.40000000000003,-0.31999999999999984
377.44,-0.31999999999999984
377.48,-0.31999999999999984
377.52,-0.31999999999999984
377.56,-0.31999999999999984
377.6,-0.23999999999999977
377.64,-0.31999999999999984
377.68,-0.23999999999999977
377.72,-0.31999999999999984
377.76,-0.31999999999999984
377.8,-0.31999999999999984
377.84000000000003,-0.31999999999999984
377.88,-0.31999999999999984
377.92,-0.31999999999999984
377.96,-0.31999999999999984
378.0,-0.23999999999999977
378.04,-0.23999999999999977
378.08,-0.31999999999999984
378.12,-0.31999999999999984
378.16,-0.31999999999999984
378.2,-0.31999999999999984
378.24,-0.31999999999999984
378.28000000000003,-0.23999999999999977
378.32,-0.31999999999999984
378.36,-0.31999999999999984
378.40000000000003,-0.31999999999999984
378.44,-0.31999999999999984
378.48,-0.31999999999999984
378.52,-0.23999999999999977
378.56,-0.31999999999999984
378.6,-0.31999999999999984
378.64,-0.31999999999999984
378.68,-0.23999999999999977
378.72,-0.31999999999999984
378.76,-0.31999999999999984
378.8,-0.23999999999999977
378.84000000000003,-0.23999999999999977
378.88,-0.31999999999999984
378.92,-0.31999999999999984
378.96,-0.31999999999999984
379.0,-0.23999999999999977
379.04,-0.23999999999999977
379.08,-0.31999999999999984
379.12,-0.31999999999999984
379.16,-0.31999999999999984
379.2,-0.31999999999999984
379.24,-0.23999999999999977
379.28000000000003,-0.23999999999999977
379.32,-0.23999999999999977
379.36,-0.31999999999999984
379.40000000000003,-0.23999999999999977
379.44,-0.23999999999999977
379.48,-0.31999999999999984
379.52,-0.23999999999999977
379.56,-0.31999999999999984
379.6,-0.23999999999999977
379.64,-0.23999999999999977
379.68,-0.31999999999999984
379.72,-0.31999999999999984
379.76,-0.31999999999999984
379.8,-0.31999999999999984
379.84000000000003,-0.31999999999999984
379.88,-0.31999999999999984
379.92,-0.23999999999999977
379.96,-0.31999999999999984
380.0,-0.31999999999999984
380.04,-0.31999999999999984
380.08,-0.31999999999999984
380.12,-0.31999999999999984
380.16,-0.31999999999999984
380.2,-0.31999999999999984
380.24,-0.31999999999999984
380.28000000000003,-0.31999999999999984
380.32,-0.3999999999999999
380.36,-0.31999999999999984
380.40000000000003,-0.31999999999999984
380.44,-0.31999999999999984
380.48,-0.31999999999999984
380.52,-0.31999999999999984
380.56,-0.23999999999999977
380.6,-0.23999999999999977
380.64,-0.31999999999999984
380.68,-0.31999999999999984
380.72,-0.31999999999999984
380.76,-0.31999999999999984
380.8,-0.23999999999999977
380.84000000000003,-0.31999999999999984
380.88,-0.23999999999999977
380.92,-0.31999999999999984
380.96,-0.31999999999999984
381.0,-0.31999999999999984
381.04,-0.31999999999999984
381.08,-0.31999999999999984
381.12,-0.31999999999999984
381.16,-0.31999999999999984
381.2,-0.31999999999999984
381.24,-0.31999999999999984
381.28000000000003,-0.31999999999999984
381.32,-0.31999999999999984
381.36,-0.31999999999999984
381.40000000000003,-0.31999999999999984
381.44,-0.23999999999999977
381.48,-0.23999999999999977
381.52,-0.23999999999999977
381.56,-0.31999999999999984
381.6,-0.31999999999999984
381.64,-0.31999999999999984
381.68,-0.23999999999999977
381.72,-0.31999999999999984
381.76,-0.31999999999999984
381.8,-0.31999999999999984
381.84000000000003,-0.23999999999999977
381.88,-0.23999999999999977
381.92,-0.31999999999999984
381.96,-0.31999999999999984
382.0,-0.31999999999999984
382.04,-0.31999999999999984
382.08,-0.23999999999999977
382.12,-0.23999999999999977
382.16,-0.31999999999999984
382.2,-0.31999999999999984
382.24,-0.23999999999999977
382.28000000000003,-0.31999999999999984
382.32,-0.31999999999999984
382.36,-0.23999999999999977
382.40000000000003,-0.23999999999999977
382.44,-0.23999999999999977
382.48,-0.31999999999999984
382.52,-0.31999999999999984
382.56,-0.31999999999999984
382.6,-0.23999999999999977
382.64,-0.23999999999999977
382.68,-0.31999999999999984
382.72,-0.23999999999999977
382.76,-0.23999999999999977
382.8,-0.23999999999999977
382.84000000000003,-0.31999999999999984
382.88,-0.31999999999999984
382.92,-0.31999999999999984
382.96000000000004,-0.23999999999999977
383.0,-0.31999999999999984
383.04,-0.31999999999999984
383.08,-0.31999999999999984
383.12,-0.31999999999999984
383.16,-0.31999999999999984
383.2,-0.31999999999999984
383.24,-0.23999999999999977
383.28000000000003,-0.31999999999999984
383.32,-0.23999999999999977
383.36,-0.23999999999999977
383.40000000000003,-0.31999999999999984
383.44,-0.31999999999999984
383.48,-0.31999999999999984
383.52,-0.31999999999999984
383.56,-0.31999999999999984
383.6,-0.31999999999999984
383.64,-0.23999999999999977
383.68,-0.23999999999999977
383.72,-0.23999999999999977
383.76,-0.31999999999999984
383.8,-0.23999999999999977
383.84000000000003,-0.31999999999999984
383.88,-0.31999999999999984
383.92,-0.23999999999999977
383.96000000000004,-0.23999999999999977
384.0,-0.23999999999999977
384.04,-0.31999999999999984
384.08,-0.31999999999999984
384.12,-0.23999999999999977
384.16,-0.31999999999999984
384.2,-0.31999999999999984
384.24,-0.31999999999999984
384.28000000000003,-0.31999999999999984
384.32,-0.23999999999999977
384.36,-0.31999999999999984
384.40000000000003,-0.23999999999999977
384.44,-0.31999999999999984
384.48,-0.23999999999999977
384.52,-0.31999999999999984
384.56,-0.31999999999999984
384.6,-0.31999999999999984
384.64,-0.31999999999999984
384.68,-0.31999999999999984
384.72,-0.31999999999999984
384.76,-0.23999999999999977
384.8,-0.23999999999999977
384.84000000000003,-0.23999999999999977
384.88,-0.31999999999999984
384.92,-0.31999999999999984
384.96000000000004,-0.23999999999999977
385.0,-0.31999999999999984
385.04,-0.31999999999999984
385.08,-0.31999999999999984
385.12,-0.31999999999999984
385.16,-0.23999999999999977
385.2,-0.23999999999999977
385.24,-0.31999999999999984
385.28000000000003,-0.23999999999999977
385.32,-0.31999999999999984
385.36,-0.31999999999999984
385.40000000000003,-0.23999999999999977
385.44,-0.23999999999999977
385.48,-0.31999999999999984
385.52,-0.23999999999999977
385.56,-0.31999999999999984
385.6,-0.23999999999999977
385.64,-0.31999999999999984
385.68,-0.23999999999999977
385.72,-0.31999999999999984
385.76,-0.31999999999999984
385.8,-0.23999999999999977
385.84000000000003,-0.23999999999999977
385.88,-0.23999999999999977
385.92,-0.31999999999999984
385.96000000000004,-0.31999999999999984
386.0,-0.23999999999999977
386.04,-0.23999999999999977
386.08,-0.31999999999999984
386.12,-0.31999999999999984
386.16,-0.23999999999999977
386.2,-0.31999999999999984
386.24,-0.31999999999999984
386.28000000000003,-0.31999999999999984
386.32,-0.23999999999999977
386.36,-0.23999999999999977
386.40000000000003,-0.23999999999999977
386.44,-0.23999999999999977
386.48,-0.31999999999999984
386.52,-0.23999999999999977
386.56,-0.31999999999999984
386.6,-0.23999999999999977
386.64,-0.31999999999999984
386.68,-0.31999999999999984
386.72,-0.31999999999999984
386.76,-0.31999999999999984
386.8,-0.31999999999999984
386.84000000000003,-0.31999999999999984
386.88,-0.31999999999999984
386.92,-0.31999999999999984
386.96000000000004,-0.31999999999999984
387.0,-0.31999999999999984
387.04,-0.23999999999999977
387.08,-0.23999999999999977
387.12,-0.31999999999999984
387.16,-0.31999999999999984
387.2,-0.23999999999999977
387.24,-0.31999999999999984
387.28000000000003,-0.31999999999999984
387.32,-0.31999999999999984
387.36,-0.31999999999999984
387.40000000000003,-0.31999999999999984
387.44,-0.31999999999999984
387.48,-0.31999999999999984
387.52,-0.23999999999999977
387.56,-0.23999999999999977
387.6,-0.23999999999999977
387.64,-0.23999999999999977
387.68,-0.23999999999999977
387.72,-0.31999999999999984
387.76,-0.31999999999999984
387.8,-0.23999999999999977
387.84000000000003,-0.23999999999999977
387.88,-0.23999999999999977
387.92,-0.31999999999999984
387.96000000000004,-0.23999999999999977
388.0,-0.31999999999999984
388.04,-0.31999999999999984
388.08,-0.23999999999999977
388.12,-0.31999999999999984
388.16,-0.31999999999999984
388.2,-0.31999999999999984
388.24,-0.31999999999999984
388.28000000000003,-0.31999999999999984
388.32,-0.23999999999999977
388.36,-0.23999999999999977
388.40000000000003,-0.23999999999999977
388.44,-0.23999999999999977
388.48,-0.31999999999999984
388.52,-0.31999999999999984
388.56,-0.23999999999999977
388.6,-0.31999999999999984
388.64,-0.31999999999999984
388.68,-0.23999999999999977
388.72,-0.31999999999999984
388.76,-0.31999999999999984
388.8,-0.23999999999999977
388.84000000000003,-0.23999999999999977
388.88,-0.23999999999999977
388.92,-0.23999999999999977
388.96000000000004,-0.31999999999999984
389.0,-0.31999999999999984
389.04,-0.23999999999999977
389.08,-0.31999999999999984
389.12,-0.23999999999999977
389.16,-0.31999999999999984
389.2,-0.31999999999999984
389.24,-0.31999999999999984
389.28000000000003,-0.31999999999999984
389.32,-0.31999999999999984
389.36,-0.31999999999999984
389.40000000000003,-0.23999999999999977
389.44,-0.31999999999999984
389.48,-0.23999999999999977
389.52,-0.23999999999999977
389.56,-0.31999999999999984
389.6,-0.23999999999999977
389.64,-0.31999999999999984
389.68,-0.23999999999999977
389.72,-0.31999999999999984
389.76,-0.31999999999999984
389.8,-0.31999999999999984
389.84000000000003,-0.31999999999999984
389.88,-0.23999999999999977
389.92,-0.31999999999999984
389.96000000000004,-0.23999999999999977
390.0,-0.23999999999999977
390.04,-0.23999999999999977
390.08,-0.31999999999999984
390.12,-0.31999999999999984
390.16,-0.31999999999999984
390.2,-0.23999999999999977
390.24,-0.23999999999999977
390.28000000000003,-0.23999999999999977
390.32,-0.31999999999999984
390.36,-0.31999999999999984
390.40000000000003,-0.31999999999999984
390.44,-0.31999999999999984
390.48,-0.23999999999999977
390.52,-0.31999999999999984
390.56,-0.31999999999999984
390.6,-0.23999999999999977
390.64,-0.23999999999999977
390.68,-0.31999999999999984
390.72,-0.23999999999999977
390.76,-0.31999999999999984
390.8,-0.31999999999999984
390.84000000000003,-0.31999999999999984
390.88,-0.31999999999999984
390.92,-0.31999999999999984
390.96000000000004,-0.31999999999999984
391.0,-0.31999999999999984
391.04,-0.23999999999999977
391.08,-0.23999999999999977
391.12,-0.23999999999999977
391.16,-0.31999999999999984
391.2,-0.31999999999999984
391.24,-0.23999999999999977
391.28000000000003,-0.23999999999999977
391.32,-0.23999999999999977
391.36,-0.23999999999999977
391.40000000000003,-0.31999999999999984
391.44,-0.23999999999999977
391.48,-0.31999999999999984
391.52,-0.31999999999999984
391.56,-0.23999999999999977
391.6,-0.23999999999999977
391.64,-0.31999999999999984
391.68,-0.23999999999999977
391.72,-0.23999999999999977
391.76,-0.31999999999999984
391.8,-0.31999999999999984
391.84000000000003,-0.23999999999999977
391.88,-0.31999999999999984
391.92,-0.31999999999999984
391.96000000000004,-0.31999999999999984
392.0,-0.23999999999999977
392.04,-0.23999999999999977
392.08,-0.31999999999999984
392.12,-0.31999999999999984
392.16,-0.31999999999999984
392.2,-0.23999999999999977
392.24,-0.31999999999999984
392.28000000000003,-0.31999999999999984
392.32,-0.23999999999999977
392.36,-0.31999999999999984
392.40000000000003,-0.23999999999999977
392.44,-0.31999999999999984
392.48,-0.23999999999999977
392.52,-0.31999999999999984
392.56,-0.23999999999999977
392.6,-0.23999999999999977
392.64,-0.23999999999999977
392.68,-0.23999999999999977
392.72,-0.31999999999999984
392.76,-0.23999999999999977
392.8,-0.23999999999999977
392.84000000000003,-0.31999999999999984
392.88,-0.23999999999999977
392.92,-0.31999999999999984
392.96000000000004,-0.23999999999999977
393.0,-0.31999999999999984
393.04,-0.23999999999999977
393.08,-0.31999999999999984
393.12,-0.31999999999999984
393.16,-0.31999999999999984
393.2,-0.23999999999999977
393.24,-0.31999999999999984
393.28000000000003,-0.31999999999999984
393.32,-0.31999999999999984
393.36,-0.31999999999999984
393.40000000000003,-0.23999999999999977
393.44,-0.31999999999999984
393.48,-0.31999999999999984
393.52,-0.23999999999999977
393.56,-0.31999999999999984
393.6,-0.31999999999999984
393.64,-0.31999999999999984
393.68,-0.23999999999999977
393.72,-0.23999999999999977
393.76,-0.23999999999999977
393.8,-0.23999999999999977
393.84000000000003,-0.23999999999999977
393.88,-0.23999999999999977
393.92,-0.31999999999999984
393.96000000000004,-0.31999999999999984
394.0,-0.23999999999999977
394.04,-0.23999999999999977
394.08,-0.23999999999999977
394.12,-0.23999999999999977
394.16,-0.23999999999999977
394.2,-0.23999999999999977
394.24,-0.23999999999999977
394.28000000000003,-0.23999999999999977
394.32,-0.23999999999999977
394.36,-0.31999999999999984
394.40000000000003,-0.23999999999999977
394.44,-0.23999999999999977
394.48,-0.31999999999999984
394.52,-0.23999999999999977
394.56,-0.23999999999999977
394.6,-0.31999999999999984
394.64,-0.23999999999999977
394.68,-0.31999999999999984
394.72,-0.23999999999999977
394.76,-0.23999999999999977
394.8,-0.23999999999999977
394.84000000000003,-0.23999999999999977
394.88,-0.23999999999999977
394.92,-0.31999999999999984
394.96000000000004,-0.23999999999999977
395.0,-0.23999999999999977
395.04,-0.23999999999999977
395.08,-0.23999999999999977
395.12,-0.23999999999999977
395.16,-0.31999999999999984
395.2,-0.31999999999999984
395.24,-0.23999999999999977
395.28000000000003,-0.23999999999999977
395.32,-0.31999999999999984
395.36,-0.31999999999999984
395.40000000000003,-0.23999999999999977
395.44,-0.23999999999999977
395.48,-0.23999999999999977
395.52,-0.23999999999999977
395.56,-0.31999999999999984
395.6,-0.31999999999999984
395.64,-0.31999999999999984
395.68,-0.23999999999999977
395.72,-0.23999999999999977
395.76,-0.23999999999999977
395.8,-0.23999999999999977
395.84000000000003,-0.31999999999999984
395.88,-0.31999999999999984
395.92,-0.31999999999999984
395.96000000000004,-0.31999999999999984
396.0,-0.23999999999999977
396.04,-0.31999999999999984
396.08,-0.23999999999999977
396.12,-0.31999999999999984
396.16,-0.23999999999999977
396.2,-0.23999999999999977
396.24,-0.23999999999999977
396.28000000000003,-0.23999999999999977
396.32,-0.31999999999999984
396.36,-0.23999999999999977
396.40000000000003,-0.23999999999999977
396.44,-0.31999999999999984
396.48,-0.23999999999999977
396.52,-0.31999999999999984
396.56,-0.31999999999999984
396.6,-0.23999999999999977
396.64,-0.31999999999999984
396.68,-0.23999999999999977
396.72,-0.23999999999999977
396.76,-0.23999999999999977
396.8,-0.23999999999999977
396.84000000000003,-0.31999999999999984
396.88,-0.31999999999999984
396.92,-0.23999999999999977
396.96000000000004,-0.31999999999999984
397.0,-0.23999999999999977
397.04,-0.23999999999999977
397.08,-0.31999999999999984
397.12,-0.23999999999999977
397.16,-0.31999999999999984
397.2,-0.31999999999999984
397.24,-0.31999999999999984
397.28000000000003,-0.23999999999999977
397.32,-0.23999999999999977
397.36,-0.23999999999999977
397.40000000000003,-0.23999999999999977
397.44,-0.31999999999999984
397.48,-0.31999999999999984
397.52,-0.31999999999999984
397.56,-0.23999999999999977
397.6,-0.31999999999999984
397.64,-0.23999999999999977
397.68,-0.23999999999999977
397.72,-0.23999999999999977
397.76,-0.23999999999999977
397.8,-0.23999999999999977
397.84000000000003,-0.23999999999999977
397.88,-0.23999999999999977
397.92,-0.23999999999999977
397.96000000000004,-0.23999999999999977
398.0,-0.23999999999999977
398.04,-0.31999999999999984
398.08,-0.31999999999999984
398.12,-0.23999999999999977
398.16,-0.23999999999999977
398.2,-0.23999999999999977
398.24,-0.31999999999999984
398.28000000000003,-0.23999999999999977
398.32,-0.23999999999999977
398.36,-0.23999999999999977
398.40000000000003,-0.23999999999999977
398.44,-0.31999999999999984
398.48,-0.31999999999999984
398.52,-0.23999999999999977
398.56,-0.23999999999999977
398.6,-0.31999999999999984
398.64,-0.23999999999999977
398.68,-0.23999999999999977
398.72,-0.31999999999999984
398.76,-0.23999999999999977
398.8,-0.31999999999999984
398.84000000000003,-0.23999999999999977
398.88,-0.23999999999999977
398.92,-0.23999999999999977
398.96000000000004,-0.23999999999999977
399.0,-0.31999999999999984
399.04,-0.23999999999999977
399.08,-0.31999999999999984
399.12,-0.23999999999999977
399.16,-0.23999999999999977
399.2,-0.23999999999999977
399.24,-0.31999999999999984
399.28000000000003,-0.23999999999999977
399.32,-0.31999999999999984
399.36,-0.23999999999999977
399.40000000000003,-0.23999999999999977
399.44,-0.23999999999999977
399.48,-0.23999999999999977
399.52,-0.23999999999999977
399.56,-0.31999999999999984
399.6,-0.23999999999999977
399.64,-0.23999999999999977
399.68,-0.31999999999999984
399.72,-0.31999999999999984
399.76,-0.23999999999999977
399.8,-0.23999999999999977
399.84000000000003,-0.31999999999999984
399.88,-0.31999999999999984
399.92,-0.23999999999999977
399.96000000000004,-0.23999999999999977
400.0,-0.23999999999999977
400.04,-0.23999999999999977
400.08,-0.31999999999999984
400.12,-0.23999999999999977
400.16,-0.23999999999999977
400.2,-0.23999999999999977
400.24,-0.23999999999999977
400.28000000000003,-0.23999999999999977
400.32,-0.31999999999999984
400.36,-0.31999999999999984
400.40000000000003,-0.23999999999999977
400.44,-0.23999999999999977
400.48,-0.23999999999999977
400.52,-0.23999999999999977
400.56,-0.23999999999999977
400.6,-0.23999999999999977
400.64,-0.31999999999999984
400.68,-0.31999999999999984
400.72,-0.23999999999999977
400.76,-0.23999999999999977
400.8,-0.23999999999999977
400.84000000000003,-0.23999999999999977
400.88,-0.23999999999999977
400.92,-0.23999999999999977
400.96000000000004,-0.23999999999999977
401.0,-0.23999999999999977
401.04,-0.31999999999999984
401.08,-0.23999999999999977
401.12,-0.31999999999999984
401.16,-0.23999999999999977
401.2,-0.23999999999999977
401.24,-0.23999999999999977
401.28000000000003,-0.31999999999999984
401.32,-0.23999999999999977
401.36,-0.31999999999999984
401.40000000000003,-0.23999999999999977
401.44,-0.31999999999999984
401.48,-0.23999999999999977
401.52,-0.23999999999999977
401.56,-0.31999999999999984
401.6,-0.23999999999999977
401.64,-0.23999999999999977
401.68,-0.23999999999999977
401.72,-0.31999999999999984
401.76,-0.23999999999999977
401.8,-0.23999999999999977
401.84000000000003,-0.31999999999999984
401.88,-0.23999999999999977
401.92,-0.23999999999999977
401.96000000000004,-0.23999999999999977
402.0,-0.31999999999999984
402.04,-0.23999999999999977
402.08,-0.23999999999999977
402.12,-0.23999999999999977
402.16,-0.23999999999999977
402.2,-0.23999999999999977
402.24,-0.23999999999999977
402.28000000000003,-0.31999999999999984
402.32,-0.31999999999999984
402.36,-0.31999999999999984
402.40000000000003,-0.23999999999999977
402.44,-0.23999999999999977
402.48,-0.31999999999999984
402.52,-0.23999999999999977
402.56,-0.23999999999999977
402.6,-0.31999999999999984
402.64,-0.31999999999999984
402.68,-0.31999999999999984
402.72,-0.23999999999999977
402.76,-0.23999999999999977
402.8,-0.31999999999999984
402.84000000000003,-0.23999999999999977
402.88,-0.23999999999999977
402.92,-0.23999999999999977
402.96000000000004,-0.23999999999999977
403.0,-0.23999999999999977
403.04,-0.31999999999999984
403.08,-0.23999999999999977
403.12,-0.23999999999999977
403.16,-0.23999999999999977
403.2,-0.31999999999999984
403.24,-0.31999999999999984
403.28000000000003,-0.23999999999999977
403.32,-0.23999999999999977
403.36,-0.31999999999999984
403.40000000000003,-0.23999999999999977
403.44,-0.31999999999999984
403.48,-0.23999999999999977
403.52,-0.23999999999999977
403.56,-0.23999999999999977
403.6,-0.31999999999999984
403.64,-0.23999999999999977
403.68,-0.23999999999999977
403.72,-0.23999999999999977
403.76,-0.31999999999999984
403.8,-0.23999999999999977
403.84000000000003,-0.23999999999999977
403.88,-0.23999999999999977
403.92,-0.31999999999999984
403.96000000000004,-0.23999999999999977
404.0,-0.23999999999999977
404.04,-0.31999999999999984
404.08,-0.23999999999999977
404.12,-0.31999999999999984
404.16,-0.31999999999999984
404.2,-0.23999999999999977
404.24,-0.23999999999999977
404.28000000000003,-0.23999999999999977
404.32,-0.31999999999999984
404.36,-0.23999999999999977
404.40000000000003,-0.23999999999999977
404.44,-0.23999999999999977
404.48,-0.23999999999999977
404.52,-0.23999999999999977
404.56,-0.23999999999999977
404.6,-0.23999999999999977
404.64,-0.23999999999999977
404.68,-0.23999999999999977
404.72,-0.23999999999999977
404.76,-0.23999999999999977
404.8,-0.23999999999999977
404.84000000000003,-0.31999999999999984
404.88,-0.23999999999999977
404.92,-0.23999999999999977
404.96000000000004,-0.23999999999999977
405.0,-0.23999999999999977
405.04,-0.31999999999999984
405.08,-0.23999999999999977
405.12,-0.23999999999999977
405.16,-0.31999999999999984
405.2,-0.23999999999999977
405.24,-0.31999999999999984
405.28000000000003,-0.23999999999999977
405.32,-0.23999999999999977
405.36,-0.23999999999999977
405.40000000000003,-0.23999999999999977
405.44,-0.23999999999999977
405.48,-0.23999999999999977
405.52,-0.23999999999999977
405.56,-0.23999999999999977
405.6,-0.23999999999999977
405.64,-0.23999999999999977
405.68,-0.23999999999999977
405.72,-0.23999999999999977
405.76,-0.23999999999999977
405.8,-0.23999999999999977
405.84000000000003,-0.31999999999999984
405.88,-0.23999999999999977
405.92,-0.23999999999999977
405.96000000000004,-0.23999999999999977
406.0,-0.31999999999999984
406.04,-0.23999999999999977
406.08,-0.31999999999999984
406.12,-0.23999999999999977
406.16,-0.23999999999999977
406.2,-0.31999999999999984
406.24,-0.23999999999999977
406.28000000000003,-0.23999999999999977
406.32,-0.31999999999999984
406.36,-0.31999999999999984
406.40000000000003,-0.23999999999999977
406.44,-0.31999999999999984
406.48,-0.23999999999999977
406.52,-0.23999999999999977
406.56,-0.23999999999999977
406.6,-0.31999999999999984
406.64,-0.23999999999999977
406.68,-0.23999999999999977
406.72,-0.23999999999999977
406.76,-0.23999999999999977
406.8,-0.23999999999999977
406.84000000000003,-0.23999999999999977
406.88,-0.23999999999999977
406.92,-0.23999999999999977
406.96000000000004,-0.23999999999999977
407.0,-0.23999999999999977
407.04,-0.23999999999999977
407.08,-0.23999999999999977
407.12,-0.23999999999999977
407.16,-0.31999999999999984
407.2,-0.31999999999999984
407.24,-0.23999999999999977
407.28000000000003,-0.31999999999999984
407.32,-0.23999999999999977
407.36,-0.23999999999999977
407.40000000000003,-0.23999999999999977
407.44,-0.23999999999999977
407.48,-0.23999999999999977
407.52,-0.23999999999999977
407.56,-0.23999999999999977
407.6,-0.23999999999999977
407.64,-0.23999999999999977
407.68,-0.31999999999999984
407.72,-0.31999999999999984
407.76,-0.23999999999999977
407.8,-0.23999999999999977
407.84000000000003,-0.23999999999999977
407.88,-0.1599999999999997
407.92,-0.23999999999999977
407.96000000000004,-0.23999999999999977
408.0,-0.23999999999999977
408.04,-0.23999999999999977
408.08,-0.23999999999999977
408.12,-0.23999999999999977
408.16,-0.23999999999999977
408.2,-0.23999999999999977
408.24,-0.23999999999999977
408.28000000000003,-0.23999999999999977
408.32,-0.23999999999999977
408.36,-0.23999999999999977
408.40000000000003,-0.23999999999999977
408.44,-0.23999999999999977
408.48,-0.31999999999999984
408.52,-0.23999999999999977
408.56,-0.23999999999999977
408.6,-0.23999999999999977
408.64,-0.23999999999999977
408.68,-0.23999999999999977
408.72,-0.23999999999999977
408.76,-0.1599999999999997
408.8,-0.23999999999999977
408.84000000000003,-0.23999999999999977
408.88,-0.23999999999999977
408.92,-0.23999999999999977
408.96000000000004,-0.23999999999999977
409.0,-0.23999999999999977
409.04,-0.23999999999999977
409.08,-0.31999999999999984
409.12,-0.23999999999999977
409.16,-0.23999999999999977
409.2,-0.23999999999999977
409.24,-0.23999999999999977
409.28000000000003,-0.23999999999999977
409.32,-0.23999999999999977
409.36,-0.23999999999999977
409.40000000000003,-0.23999999999999977
409.44,-0.23999999999999977
409.48,-0.23999999999999977
409.52,-0.23999999999999977
409.56,-0.23999999999999977
409.6,-0.23999999999999977
409.64,-0.23999999999999977
409.68,-0.23999999999999977
409.72,-0.23999999999999977
409.76,-0.23999999999999977
409.8,-0.23999999999999977
409.84000000000003,-0.23999999999999977
409.88,-0.23999999999999977
409.92,-0.23999999999999977
409.96000000000004,-0.23999999999999977
410.0,-0.23999999999999977
410.04,-0.23999999999999977
410.08,-0.23999999999999977
410.12,-0.23999999999999977
410.16,-0.31999999999999984
410.2,-0.23999999999999977
410.24,-0.23999999999999977
410.28000000000003,-0.23999999999999977
410.32,-0.23999999999999977
410.36,-0.23999999999999977
410.40000000000003,-0.23999999999999977
410.44,-0.23999999999999977
410.48,-0.23999999999999977
410.52,-0.23999999999999977
410.56,-0.23999999999999977
410.6,-0.23999999999999977
410.64,-0.23999999999999977
410.68,-0.23999999999999977
410.72,-0.23999999999999977
410.76,-0.23999999999999977
410.8,-0.23999999999999977
410.84000000000003,-0.23999999999999977
410.88,-0.23999999999999977
410.92,-0.23999999999999977
410.96000000000004,-0.23999999999999977
411.0,-0.23999999999999977
411.04,-0.23999999999999977
411.08,-0.23999999999999977
411.12,-0.1599999999999997
411.16,-0.23999999999999977
411.2,-0.23999999999999977
411.24,-0.23999999999999977
411.28000000000003,-0.23999999999999977
411.32,-0.23999999999999977
411.36,-0.23999999999999977
411.40000000000003,-0.31999999999999984
411.44,-0.23999999999999977
411.48,-0.23999999999999977
411.52,-0.23999999999999977
411.56,-0.23999999999999977
411.6,-0.23999999999999977
411.64,-0.23999999999999977
411.68,-0.23999999999999977
411.72,-0.23999999999999977
411.76,-0.23999999999999977
411.8,-0.23999999999999977
411.84000000000003,-0.23999999999999977
411.88,-0.23999999999999977
411.92,-0.23999999999999977
411.96000000000004,-0.31999999999999984
412.0,-0.23999999999999977
412.04,-0.23999999999999977
412.08,-0.23999999999999977
412.12,-0.23999999999999977
412.16,-0.23999999999999977
412.2,-0.23999999999999977
412.24,-0.1599999999999997
412.28000000000003,-0.23999999999999977
412.32,-0.23999999999999977
412.36,-0.23999999999999977
412.40000000000003,-0.23999999999999977
412.44,-0.23999999999999977
412.48,-0.23999999999999977
412.52,-0.23999999999999977
412.56,-0.23999999999999977
412.6,-0.23999999999999977
412.64,-0.23999999999999977
412.68,-0.23999999999999977
412.72,-0.23999999999999977
412.76,-0.23999999999999977
412.8,-0.23999999999999977
412.84000000000003,-0.23999999999999977
412.88,-0.23999999999999977
412.92,-0.23999999999999977
412.96000000000004,-0.23999999999999977
413.0,-0.23999999999999977
413.04,-0.23999999999999977
413.08,-0.23999999999999977
413.12,-0.23999999999999977
413.16,-0.23999999999999977
413.2,-0.23999999999999977
413.24,-0.23999999999999977
413.28000000000003,-0.23999999999999977
413.32,-0.23999999999999977
413.36,-0.31999999999999984
413.40000000000003,-0.23999999999999977
413.44,-0.23999999999999977
413.48,-0.23999999999999977
413.52,-0.23999999999999977
413.56,-0.23999999999999977
413.6,-0.23999999999999977
413.64,-0.23999999999999977
413.68,-0.23999999999999977
413.72,-0.23999999999999977
413.76,-0.23999999999999977
413.8,-0.23999999999999977
413.84000000000003,-0.23999999999999977
413.88,-0.23999999999999977
413.92,-0.23999999999999977
413.96000000000004,-0.23999999999999977
414.0,-0.23999999999999977
414.04,-0.23999999999999977
414.08,-0.23999999999999977
414.12,-0.23999999999999977
414.16,-0.23999999999999977
414.2,-0.23999999999999977
414.24,-0.23999999999999977
414.28000000000003,-0.23999999999999977
414.32,-0.1599999999999997
414.36,-0.23999999999999977
414.40000000000003,-0.23999999999999977
414.44,-0.23999999999999977
414.48,-0.23999999999999977
414.52,-0.1599999999999997
414.56,-0.1599999999999997
414.6,-0.23999999999999977
414.64,-0.23999999999999977
414.68,-0.23999999999999977
414.72,-0.23999999999999977
414.76,-0.23999999999999977
414.8,-0.23999999999999977
414.84000000000003,-0.23999999999999977
414.88,-0.23999999999999977
414.92,-0.23999999999999977
414.96000000000004,-0.1599999999999997
415.0,-0.31999999999999984
415.04,-0.23999999999999977
415.08,-0.23999999999999977
415.12,-0.23999999999999977
415.16,-0.23999999999999977
415.2,-0.23999999999999977
415.24,-0.23999999999999977
415.28000000000003,-0.23999999999999977
415.32,-0.23999999999999977
415.36,-0.23999999999999977
415.40000000000003,-0.23999999999999977
415.44,-0.23999999999999977
415.48,-0.23999999999999977
415.52,-0.23999999999999977
415.56,-0.23999999999999977
415.6,-0.23999999999999977
415.64,-0.23999999999999977
415.68,-0.23999999999999977
415.72,-0.31999999999999984
415.76,-0.23999999999999977
415.8,-0.23999999999999977
415.84000000000003,-0.23999999999999977
415.88,-0.23999999999999977
415.92,-0.23999999999999977
415.96000000000004,-0.23999999999999977
416.0,-0.23999999999999977
416.04,-0.23999999999999977
416.08,-0.23999999999999977
416.12,-0.23999999999999977
416.16,-0.23999999999999977
416.2,-0.23999999999999977
416.24,-0.31999999999999984
416.28000000000003,-0.23999999999999977
416.32,-0.23999999999999977
416.36,-0.23999999999999977
416.40000000000003,-0.23999999999999977
416.44,-0.23999999999999977
416.48,-0.23999999999999977
416.52,-0.23999999999999977
416.56,-0.23999999999999977
416.6,-0.23999999999999977
416.64,-0.23999999999999977
416.68,-0.23999999999999977
416.72,-0.23999999999999977
416.76,-0.23999999999999977
416.8,-0.23999999999999977
416.84000000000003,-0.23999999999999977
416.88,-0.23999999999999977
416.92,-0.23999999999999977
416.96000000000004,-0.23999999999999977
417.0,-0.23999999999999977
417.04,-0.23999999999999977
417.08,-0.23999999999999977
417.12,-0.23999999999999977
417.16,-0.23999999999999977
417.2,-0.23999999999999977
417.24,-0.23999999999999977
417.28000000000003,-0.23999999999999977
417.32,-0.23999999999999977
417.36,-0.23999999999999977
417.40000000000003,-0.23999999999999977
417.44,-0.1599999999999997
417.48,-0.1599999999999997
417.52,-0.23999999999999977
417.56,-0.23999999999999977
417.6,-0.23999999999999977
417.64,-0.23999999999999977
417.68,-0.23999999999999977
417.72,-0.31999999999999984
417.76,-0.23999999999999977
417.8,-0.23999999999999977
417.84000000000003,-0.23999999999999977
417.88,-0.23999999999999977
417.92,-0.23999999999999977
417.96000000000004,-0.23999999999999977
418.0,-0.23999999999999977
418.04,-0.23999999999999977
418.08,-0.1599999999999997
418.12,-0.23999999999999977
418.16,-0.23999999999999977
418.2,-0.23999999999999977
418.24,-0.23999999999999977
418.28000000000003,-0.31999999999999984
418.32,-0.1599999999999997
418.36,-0.23999999999999977
418.40000000000003,-0.23999999999999977
418.44,-0.23999999999999977
418.48,-0.23999999999999977
418.52,-0.23999999999999977
418.56,-0.1599999999999997
418.6,-0.23999999999999977
418.64,-0.23999999999999977
418.68,-0.23999999999999977
418.72,-0.23999999999999977
418.76,-0.23999999999999977
418.8,-0.23999999999999977
418.84000000000003,-0.23999999999999977
418.88,-0.23999999999999977
418.92,-0.1599999999999997
418.96000000000004,-0.23999999999999977
419.0,-0.23999999999999977
419.04,-0.23999999999999977
419.08,-0.23999999999999977
419.12,-0.23999999999999977
419.16,-0.23999999999999977
419.2,-0.23999999999999977
419.24,-0.23999999999999977
419.28000000000003,-0.23999999999999977
419.32,-0.23999999999999977
419.36,-0.23999999999999977
419.40000000000003,-0.23999999999999977
419.44,-0.23999999999999977
419.48,-0.23999999999999977
419.52,-0.23999999999999977
419.56,-0.23999999999999977
419.6,-0.23999999999999977
419.64,-0.23999999999999977
419.68,-0.23999999999999977
419.72,-0.23999999999999977
419.76,-0.23999999999999977
419.8,-0.31999999999999984
419.84000000000003,-0.23999999999999977
419.88,-0.31999999999999984
419.92,-0.23999999999999977
419.96000000000004,-0.23999999999999977
420.0,-0.23999999999999977
420.04,-0.23999999999999977
420.08,-0.31999999999999984
420.12,-0.23999999999999977
420.16,-0.23999999999999977
420.2,-0.23999999999999977
420.24,-0.23999999999999977
420.28000000000003,-0.23999999999999977
420.32,-0.23999999999999977
420.36,-0.23999999999999977
420.40000000000003,-0.23999999999999977
420.44,-0.23999999999999977
420.48,-0.23999999999999977
420.52,-0.31999999999999984
420.56,-0.23999999999999977
420.6,-0.23999999999999977
420.64,-0.23999999999999977
420.68,-0.23999999999999977
420.72,-0.23999999999999977
420.76,-0.31999999999999984
420.8,-0.23999999999999977
420.84000000000003,-0.23999999999999977
420.88,-0.23999999999999977
420.92,-0.23999999999999977
420.96000000000004,-0.23999999999999977
421.0,-0.23999999999999977
421.04,-0.23999999999999977
421.08,-0.23999999999999977
421.12,-0.23999999999999977
421.16,-0.1599999999999997
421.2,-0.23999999999999977
421.24,-0.23999999999999977
421.28000000000003,-0.31999999999999984
421.32,-0.23999999999999977
421.36,-0.23999999999999977
421.40000000000003,-0.23999999999999977
421.44,-0.23999999999999977
421.48,-0.23999999999999977
421.52,-0.23999999999999977
421.56,-0.23999999999999977
421.6,-0.23999999999999977
421.64,-0.23999999999999977
421.68,-0.23999999999999977
421.72,-0.23999999999999977
421.76,-0.1599999999999997
421.8,-0.1599999999999997
421.84000000000003,-0.23999999999999977
421.88,-0.23999999999999977
421.92,-0.23999999999999977
421.96000000000004,-0.31999999999999984
422.0,-0.23999999999999977
422.04,-0.31999999999999984
422.08,-0.23999999999999977
422.12,-0.23999999999999977
422.16,-0.23999999999999977
422.2,-0.23999999999999977
422.24,-0.23999999999999977
422.28000000000003,-0.23999999999999977
422.32,-0.31999999999999984
422.36,-0.31999999999999984
422.40000000000003,-0.23999999999999977
422.44,-0.23999999999999977
422.48,-0.1599999999999997
422.52,-0.23999999999999977
422.56,-0.23999999999999977
422.6,-0.23999999999999977
422.64,-0.23999999999999977
422.68,-0.23999999999999977
422.72,-0.23999999999999977
422.76,-0.23999999999999977
422.8,-0.1599999999999997
422.84000000000003,-0.23999999999999977
422.88,-0.23999999999999977
422.92,-0.23999999999999977
422.96000000000004,-0.23999999999999977
423.0,-0.23999999999999977
423.04,-0.23999999999999977
423.08,-0.23999999999999977
423.12,-0.23999999999999977
423.16,-0.23999999999999977
423.2,-0.1599999999999997
423.24,-0.23999999999999977
423.28000000000003,-0.23999999999999977
423.32,-0.23999999999999977
423.36,-0.1599999999999997
423.40000000000003,-0.23999999999999977
423.44,-0.1599999999999997
423.48,-0.1599999999999997
423.52,-0.23999999999999977
423.56,-0.23999999999999977
423.6,-0.23999999999999977
423.64,-0.31999999999999984
423.68,-0.23999999999999977
423.72,-0.23999999999999977
423.76,-0.23999999999999977
423.8,-0.23999999999999977
423.84000000000003,-0.1599999999999997
423.88,-0.1599999999999997
423.92,-0.23999999999999977
423.96000000000004,-0.23999999999999977
424.0,-0.23999999999999977
424.04,-0.23999999999999977
424.08,-0.23999999999999977
424.12,-0.23999999999999977
424.16,-0.23999999999999977
424.2,-0.23999999999999977
424.24,-0.23999999999999977
424.28000000000003,-0.23999999999999977
424.32,-0.23999999999999977
424.36,-0.23999999999999977
424.40000000000003,-0.23999999999999977
424.44,-0.1599999999999997
424.48,-0.23999999999999977
424.52,-0.23999999999999977
424.56,-0.1599999999999997
424.6,-0.23999999999999977
424.64,-0.23999999999999977
424.68,-0.23999999999999977
424.72,-0.23999999999999977
424.76,-0.23999999999999977
424.8,-0.23999999999999977
424.84000000000003,-0.23999999999999977
424.88,-0.23999999999999977
424.92,-0.1599999999999997
424.96000000000004,-0.1599999999999997
425.0,-0.23999999999999977
425.04,-0.23999999999999977
425.08,-0.23999999999999977
425.12,-0.23999999999999977
425.16,-0.23999999999999977
425.2,-0.23999999999999977
425.24,-0.23999999999999977
425.28000000000003,-0.23999999999999977
425.32,-0.1599999999999997
425.36,-0.1599999999999997
425.40000000000003,-0.23999999999999977
425.44,-0.23999999999999977
425.48,-0.23999999999999977
425.52,-0.23999999999999977
425.56,-0.23999999999999977
425.6,-0.23999999999999977
425.64,-0.23999999999999977
425.68,-0.23999999999999977
425.72,-0.23999999999999977
425.76,-0.23999999999999977
425.8,-0.23999999999999977
425.84000000000003,-0.23999999999999977
425.88,-0.23999999999999977
425.92,-0.23999999999999977
425.96000000000004,-0.23999999999999977
426.0,-0.23999999999999977
426.04,-0.23999999999999977
426.08,-0.23999999999999977
426.12,-0.23999999999999977
426.16,-0.23999999999999977
426.2,-0.23999999999999977
426.24,-0.23999999999999977
426.28000000000003,-0.23999999999999977
426.32,-0.23999999999999977
426.36,-0.23999999999999977
426.40000000000003,-0.23999999999999977
426.44,-0.23999999999999977
426.48,-0.23999999999999977
426.52,-0.23999999999999977
426.56,-0.23999999999999977
426.6,-0.23999999999999977
426.64,-0.1599999999999997
426.68,-0.23999999999999977
426.72,-0.23999999999999977
426.76,-0.23999999999999977
426.8,-0.23999999999999977
426.84000000000003,-0.23999999999999977
426.88,-0.23999999999999977
426.92,-0.23999999999999977
426.96000000000004,-0.23999999999999977
427.0,-0.23999999999999977
427.04,-0.1599999999999997
427.08,-0.1599999999999997
427.12,-0.23999999999999977
427.16,-0.23999999999999977
427.2,-0.23999999999999977
427.24,-0.23999999999999977
427.28000000000003,-0.23999999999999977
427.32,-0.1599999999999997
427.36,-0.23999999999999977
427.40000000000003,-0.23999999999999977
427.44,-0.1599999999999997
427.48,-0.23999999999999977
427.52,-0.23999999999999977
427.56,-0.23999999999999977
427.6,-0.1599999999999997
427.64,-0.23999999999999977
427.68,-0.23999999999999977
427.72,-0.23999999999999977
427.76,-0.1599999999999997
427.8,-0.23999999999999977
427.84000000000003,-0.23999999999999977
427.88,-0.23999999999999977
427.92,-0.23999999999999977
427.96000000000004,-0.23999999999999977
428.0,-0.23999999999999977
428.04,-0.23999999999999977
428.08,-0.23999999999999977
428.12,-0.23999999999999977
428.16,-0.23999999999999977
428.2,-0.23999999999999977
428.24,-0.23999999999999977
428.28000000000003,-0.23999999999999977
428.32,-0.31999999999999984
428.36,-0.23999999999999977
428.40000000000003,-0.23999999999999977
428.44,-0.23999999999999977
428.48,-0.1599999999999997
428.52,-0.23999999999999977
428.56,-0.23999999999999977
428.6,-0.23999999999999977
428.64,-0.23999999999999977
428.68,-0.23999999999999977
428.72,-0.23999999999999977
428.76,-0.23999999999999977
428.8,-0.23999999999999977
428.84000000000003,-0.23999999999999977
428.88,-0.1599999999999997
428.92,-0.23999999999999977
428.96000000000004,-0.1599999999999997
429.0,-0.1599999999999997
429.04,-0.23999999999999977
429.08,-0.23999999999999977
429.12,-0.23999999999999977
429.16,-0.1599999999999997
429.2,-0.23999999999999977
429.24,-0.23999999999999977
429.28000000000003,-0.23999999999999977
429.32,-0.23999999999999977
429.36,-0.23999999999999977
429.40000000000003,-0.1599999999999997
429.44,-0.23999999999999977
429.48,-0.23999999999999977
429.52,-0.1599999999999997
429.56,-0.23999999999999977
429.6,-0.1599999999999997
429.64,-0.1599999999999997
429.68,-0.23999999999999977
429.72,-0.23999999999999977
429.76,-0.1599999999999997
429.8,-0.1599999999999997
429.84000000000003,-0.23999999999999977
429.88,-0.23999999999999977
429.92,-0.23999999999999977
429.96000000000004,-0.23999999999999977
430.0,-0.23999999999999977
430.04,-0.1599999999999997
430.08,-0.23999999999999977
430.12,-0.23999999999999977
430.16,-0.23999999999999977
430.2,-0.23999999999999977
430.24,-0.23999999999999977
430.28000000000003,-0.23999999999999977
430.32,-0.23999999999999977
430.36,-0.23999999999999977
430.40000000000003,-0.1599999999999997
430.44,-0.1599999999999997
430.48,-0.1599999999999997
430.52,-0.23999999999999977
430.56,-0.23999999999999977
430.6,-0.23999999999999977
430.64,-0.23999999999999977
430.68,-0.23999999999999977
430.72,-0.1599999999999997
430.76,-0.23999999999999977
430.8,-0.23999999999999977
430.84000000000003,-0.23999999999999977
430.88,-0.1599999999999997
430.92,-0.23999999999999977
430.96000000000004,-0.23999999999999977
431.0,-0.23999999999999977
431.04,-0.23999999999999977
431.08,-0.23999999999999977
431.12,-0.23999999999999977
431.16,-0.23999999999999977
431.2,-0.1599999999999997
431.24,-0.23999999999999977
431.28000000000003,-0.23999999999999977
431.32,-0.1599999999999997
431.36,-0.23999999999999977
431.40000000000003,-0.23999999999999977
431.44,-0.23999999999999977
431.48,-0.1599999999999997
431.52,-0.1599999999999997
431.56,-0.1599999999999997
431.6,-0.23999999999999977
431.64,-0.23999999999999977
431.68,-0.23999999999999977
431.72,-0.23999999999999977
431.76,-0.1599999999999997
431.8,-0.23999999999999977
431.84000000000003,-0.1599999999999997
431.88,-0.23999999999999977
431.92,-0.1599999999999997
431.96000000000004,-0.23999999999999977
432.0,-0.23999999999999977
432.04,-0.23999999999999977
432.08,-0.23999999999999977
432.12,-0.23999999999999977
432.16,-0.1599999999999997
432.2,-0.1599999999999997
432.24,-0.1599999999999997
432.28000000000003,-0.23999999999999977
432.32,-0.23999999999999977
432.36,-0.23999999999999977
432.40000000000003,-0.1599999999999997
432.44,-0.23999999999999977
432.48,-0.1599999999999997
432.52,-0.1599999999999997
432.56,-0.1599999999999997
432.6,-0.23999999999999977
432.64,-0.1599999999999997
432.68,-0.23999999999999977
432.72,-0.23999999999999977
432.76,-0.1599999999999997
432.8,-0.1599999999999997
432.84000000000003,-0.1599999999999997
432.88,-0.23999999999999977
432.92,-0.23999999999999977
432.96000000000004,-0.23999999999999977
433.0,-0.08000000000000007
433.04,-0.23999999999999977
433.08,-0.1599999999999997
433.12,-0.23999999999999977
433.16,-0.1599999999999997
433.2,-0.23999999999999977
433.24,-0.23999999999999977
433.28000000000003,-0.1599999999999997
433.32,-0.23999999999999977
433.36,-0.23999999999999977
433.40000000000003,-0.1599999999999997
433.44,-0.23999999999999977
433.48,-0.1599999999999997
433.52,-0.23999999999999977
433.56,-0.23999999999999977
433.6,-0.23999999999999977
433.64,-0.23999999999999977
433.68,-0.23999999999999977
433.72,-0.23999999999999977
433.76,-0.23999999999999977
433.8,-0.23999999999999977
433.84000000000003,-0.23999999999999977
433.88,-0.23999999999999977
433.92,-0.08000000000000007
433.96000000000004,-0.23999999999999977
434.0,-0.23999999999999977
434.04,-0.1599999999999997
434.08,-0.23999999999999977
434.12,-0.23999999999999977
434.16,-0.23999999999999977
434.2,-0.23999999999999977
434.24,-0.1599999999999997
434.28000000000003,-0.23999999999999977
434.32,-0.1599999999999997
434.36,-0.23999999999999977
434.40000000000003,-0.23999999999999977
434.44,-0.1599999999999997
434.48,-0.23999999999999977
434.52,-0.23999999999999977
434.56,-0.1599999999999997
434.6,-0.23999999999999977
434.64,-0.23999999999999977
434.68,-0.1599999999999997
434.72,-0.23999999999999977
434.76,-0.23999999999999977
434.8,-0.23999999999999977
434.84000000000003,-0.23999999999999977
434.88,-0.23999999999999977
434.92,-0.1599999999999997
434.96000000000004,-0.08000000000000007
435.0,-0.1599999999999997
435.04,-0.23999999999999977
435.08,-0.1599999999999997
435.12,-0.1599999999999997
435.16,-0.23999999999999977
435.2,-0.1599999999999997
435.24,-0.23999999999999977
435.28000000000003,-0.23999999999999977
435.32,-0.1599999999999997
435.36,-0.1599999999999997
435.40000000000003,-0.23999999999999977
435.44,-0.23999999999999977
435.48,-0.1599999999999997
435.52,-0.23999999999999977
435.56,-0.08000000000000007
435.6,-0.23999999999999977
435.64,-0.23999999999999977
435.68,-0.1599999999999997
435.72,-0.23999999999999977
435.76,-0.1599999999999997
435.8,-0.1599999999999997
435.84000000000003,-0.08000000000000007
435.88,-0.23999999999999977
435.92,-0.1599999999999997
435.96000000000004,-0.23999999999999977
436.0,-0.23999999999999977
436.04,-0.1599999999999997
436.08,-0.23999999999999977
436.12,-0.1599999999999997
436.16,-0.23999999999999977
436.2,-0.1599999999999997
436.24,-0.23999999999999977
436.28000000000003,-0.1599999999999997
436.32,-0.23999999999999977
436.36,-0.23999999999999977
436.40000000000003,-0.23999999999999977
436.44,-0.08000000000000007
436.48,-0.1599999999999997
436.52,-0.23999999999999977
436.56,-0.23999999999999977
436.6,-0.23999999999999977
436.64,-0.08000000000000007
436.68,-0.23999999999999977
436.72,-0.1599999999999997
436.76,-0.08000000000000007
436.8,-0.1599999999999997
436.84000000000003,-0.1599999999999997
436.88,-0.1599999999999997
436.92,-0.23999999999999977
436.96000000000004,-0.23999999999999977
437.0,-0.23999999999999977
437.04,-0.23999999999999977
437.08,-0.23999999999999977
437.12,-0.1599999999999997
437.16,-0.23999999999999977
437.2,-0.23999999999999977
437.24,-0.23999999999999977
437.28000000000003,-0.23999999999999977
437.32,-0.23999999999999977
437.36,-0.23999999999999977
437.40000000000003,-0.1599999999999997
437.44,-0.1599999999999997
437.48,-0.1599999999999997
437.52,-0.23999999999999977
437.56,-0.1599999999999997
437.6,-0.1599999999999997
437.64,-0.1599999999999997
437.68,-0.23999999999999977
437.72,-0.1599999999999997
437.76,-0.1599999999999997
437.8,-0.23999999999999977
437.84000000000003,-0.1599999999999997
437.88,-0.1599999999999997
437.92,-0.23999999999999977
437.96000000000004,-0.23999999999999977
438.0,-0.1599999999999997
438.04,-0.1599999999999997
438.08,-0.1599999999999997
438.12,-0.08000000000000007
438.16,-0.1599999999999997
438.2,-0.23999999999999977
438.24,-0.1599999999999997
438.28000000000003,-0.1599999999999997
438.32,-0.1599999999999997
438.36,-0.1599999999999997
438.40000000000003,-0.23999999999999977
438.44,-0.23999999999999977
438.48,-0.1599999999999997
438.52,-0.1599999999999997
438.56,-0.1599999999999997
438.6,-0.23999999999999977
438.64,-0.23999999999999977
438.68,-0.1599999999999997
438.72,-0.1599999999999997
438.76,-0.1599999999999997
438.8,-0.23999999999999977
438.84000000000003,-0.23999999999999977
438.88,-0.1599999999999997
438.92,-0.1599999999999997
438.96000000000004,-0.23999999999999977
439.0,-0.1599999999999997
439.04,-0.1599999999999997
439.08,-0.08000000000000007
439.12,-0.23999999999999977
439.16,-0.1599999999999997
439.2,-0.23999999999999977
439.24,-0.23999999999999977
439.28000000000003,-0.08000000000000007
439.32,-0.1599999999999997
439.36,-0.1599999999999997
439.40000000000003,-0.1599999999999997
439.44,-0.1599999999999997
439.48,-0.1599999999999997
439.52,-0.23999999999999977
439.56,-0.1599999999999997
439.6,-0.1599999999999997
439.64,-0.1599999999999997
439.68,-0.1599999999999997
439.72,-0.23999999999999977
439.76,-0.1599999999999997
439.8,-0.23999999999999977
439.84000000000003,-0.23999999999999977
439.88,-0.23999999999999977
439.92,-0.23999999999999977
439.96000000000004,-0.23999999999999977
440.0,-0.23999999999999977
440.04,-0.1599999999999997
440.08,-0.1599999999999997
440.12,-0.1599999999999997
440.16,-0.1599999999999997
440.2,-0.23999999999999977
440.24,-0.1599999999999997
440.28000000000003,-0.1599999999999997
440.32,-0.23999999999999977
440.36,-0.1599999999999997
440.40000000000003,-0.23999999999999977
440.44,-0.23999999999999977
440.48,-0.23999999999999977
440.52,-0.23999999999999977
440.56,-0.23999999999999977
440.6,-0.1599999999999997
440.64,-0.1599999999999997
440.68,-0.1599999999999997
440.72,-0.23999999999999977
440.76,-0.1599999999999997
440.8,-0.1599999999999997
440.84000000000003,-0.1599999999999997
440.88,-0.1599999999999997
440.92,-0.1599999999999997
440.96000000000004,-0.23999999999999977
441.0,-0.1599999999999997
441.04,-0.23999999999999977
441.08,-0.23999999999999977
441.12,-0.23999999999999977
441.16,-0.23999999999999977
441.2,-0.1599999999999997
441.24,-0.1599999999999997
441.28000000000003,-0.23999999999999977
441.32,-0.1599999999999997
441.36,-0.1599999999999997
441.40000000000003,-0.23999999999999977
441.44,-0.23999999999999977
441.48,-0.23999999999999977
441.52,-0.08000000000000007
441.56,-0.1599999999999997
441.6,-0.1599999999999997
441.64,-0.23999999999999977
441.68,-0.23999999999999977
441.72,-0.1599999999999997
441.76,-0.1599999999999997
441.8,-0.23999999999999977
441.84000000000003,-0.23999999999999977
441.88,-0.1599999999999997
441.92,-0.1599999999999997
441.96000000000004,-0.1599999999999997
442.0,-0.1599999999999997
442.04,-0.23999999999999977
442.08,-0.1599999999999997
442.12,-0.1599999999999997
442.16,-0.23999999999999977
442.2,-0.1599999999999997
442.24,-0.23999999999999977
442.28000000000003,-0.23999999999999977
442.32,-0.23999999999999977
442.36,-0.23999999999999977
442.40000000000003,-0.23999999999999977
442.44,-0.23999999999999977
442.48,-0.23999999999999977
442.52,-0.1599999999999997
442.56,-0.23999999999999977
442.6,-0.1599999999999997
442.64,-0.1599999999999997
442.68,-0.08000000000000007
442.72,-0.1599999999999997
442.76,-0.23999999999999977
442.8,-0.1599999999999997
442.84000000000003,-0.1599999999999997
442.88,-0.1599999999999997
442.92,-0.1599999999999997
442.96000000000004,-0.1599999999999997
443.0,-0.23999999999999977
443.04,-0.1599999999999997
443.08,-0.1599999999999997
443.12,-0.1599999999999997
443.16,-0.23999999999999977
443.2,-0.23999999999999977
443.24,-0.1599999999999997
443.28000000000003,-0.1599999999999997
443.32,-0.1599999999999997
443.36,-0.08000000000000007
443.40000000000003,-0.1599999999999997
443.44,-0.1599999999999997
443.48,-0.23999999999999977
443.52,-0.23999999999999977
443.56,-0.1599999999999997
443.6,-0.1599999999999997
443.64,-0.1599999999999997
443.68,-0.1599999999999997
443.72,-0.1599999999999997
443.76,-0.1599999999999997
443.8,-0.1599999999999997
443.84000000000003,-0.23999999999999977
443.88,-0.1599999999999997
443.92,-0.08000000000000007
443.96000000000004,-0.1599999999999997
444.0,-0.23999999999999977
444.04,-0.1599999999999997
444.08,-0.08000000000000007
444.12,-0.1599999999999997
444.16,-0.23999999999999977
444.2,-0.23999999999999977
444.24,-0.1599999999999997
444.28000000000003,-0.1599999999999997
444.32,-0.23999999999999977
444.36,-0.23999999999999977
444.40000000000003,-0.23999999999999977
444.44,-0.23999999999999977
444.48,-0.23999999999999977
444.52,-0.23999999999999977
444.56,-0.1599999999999997
444.6,-0.1599999999999997
444.64,-0.1599999999999997
444.68,-0.23999999999999977
444.72,-0.23999999999999977
444.76,-0.23999999999999977
444.8,-0.1599999999999997
444.84000000000003,-0.23999999999999977
444.88,-0.1599999999999997
444.92,-0.23999999999999977
444.96000000000004,-0.1599999999999997
445.0,-0.23999999999999977
445.04,-0.1599999999999997
445.08,-0.1599999999999997
445.12,-0.1599999999999997
445.16,-0.23999999999999977
445.2,-0.23999999999999977
445.24,-0.1599999999999997
445.28000000000003,-0.23999999999999977
445.32,-0.23999999999999977
445.36,-0.23999999999999977
445.40000000000003,-0.1599999999999997
445.44,-0.1599999999999997
445.48,-0.1599999999999997
445.52,-0.1599999999999997
445.56,-0.23999999999999977
445.6,-0.23999999999999977
445.64,-0.23999999999999977
445.68,-0.23999999999999977
445.72,-0.08000000000000007
445.76,-0.1599999999999997
445.8,-0.1599999999999997
445.84000000000003,-0.1599999999999997
445.88,-0.1599999999999997
445.92,-0.1599999999999997
445.96000000000004,-0.1599999999999997
446.0,-0.23999999999999977
446.04,-0.08000000000000007
446.08,-0.1599999999999997
446.12,-0.1599999999999997
446.16,-0.1599999999999997
446.2,-0.1599999999999997
446.24,-0.1599999999999997
446.28000000000003,-0.23999999999999977
446.32,-0.1599999999999997
446.36,-0.23999999999999977
446.40000000000003,-0.1599999999999997
446.44,-0.1599999999999997
446.48,-0.08000000000000007
446.52,-0.1599999999999997
446.56,-0.1599999999999997
446.6,-0.1599999999999997
446.64,-0.1599999999999997
446.68,-0.23999999999999977
446.72,-0.1599999999999997
446.76,-0.08000000000000007
446.8,-0.1599999999999997
446.84000000000003,-0.23999999999999977
446.88,-0.1599999999999997
446.92,-0.23999999999999977
446.96000000000004,-0.08000000000000007
447.0,-0.1599999999999997
447.04,-0.1599999999999997
447.08,-0.23999999999999977
447.12,-0.1599999999999997
447.16,-0.23999999999999977
447.2,-0.23999999999999977
447.24,-0.23999999999999977
447.28000000000003,-0.1599999999999997
447.32,-0.1599999999999997
447.36,-0.23999999999999977
447.40000000000003,-0.08000000000000007
447.44,-0.1599999999999997
447.48,-0.1599999999999997
447.52,-0.23999999999999977
447.56,-0.1599999999999997
447.6,-0.1599999999999997
447.64,-0.08000000000000007
447.68,-0.1599999999999997
447.72,-0.1599999999999997
447.76,-0.1599999999999997
447.8,-0.1599999999999997
447.84000000000003,-0.1599999999999997
447.88,-0.1599999999999997
447.92,-0.1599999999999997
447.96000000000004,-0.23999999999999977
448.0,-0.08000000000000007
448.04,-0.1599999999999997
448.08,-0.1599999999999997
448.12,-0.1599999999999997
448.16,-0.23999999999999977
448.2,-0.23999999999999977
448.24,-0.23999999999999977
448.28000000000003,-0.1599999999999997
448.32,-0.23999999999999977
448.36,-0.23999999999999977
448.40000000000003,-0.23999999999999977
448.44,-0.23999999999999977
448.48,-0.1599999999999997
448.52,-0.23999999999999977
448.56,-0.1599999999999997
448.6,-0.23999999999999977
448.64,-0.1599999999999997
448.68,-0.08000000000000007
448.72,-0.1599999999999997
448.76,-0.1599999999999997
448.8,-0.1599999999999997
448.84000000000003,-0.23999999999999977
448.88,-0.1599999999999997
448.92,-0.1599999999999997
448.96000000000004,-0.08000000000000007
449.0,-0.1599999999999997
449.04,-0.23999999999999977
449.08,-0.23999999999999977
449.12,-0.1599999999999997
449.16,-0.1599999999999997
449.2,-0.23999999999999977
449.24,-0.1599999999999997
449.28000000000003,-0.23999999999999977
449.32,-0.08000000000000007
449.36,-0.1599999999999997
449.40000000000003,-0.23999999999999977
449.44,-0.1599999999999997
449.48,-0.23999999999999977
449.52,-0.08000000000000007
449.56,-0.08000000000000007
449.6,-0.1599999999999997
449.64,-0.1599999999999997
449.68,-0.1599999999999997
449.72,-0.1599999999999997
449.76,-0.1599999999999997
449.8,-0.1599999999999997
449.84000000000003,-0.1599999999999997
449.88,-0.23999999999999977
449.92,-0.1599999999999997
449.96000000000004,-0.1599999999999997
450.0,-0.1599999999999997
450.04,-0.1599999999999997
450.08,-0.1599999999999997
450.12,-0.23999999999999977
450.16,-0.08000000000000007
450.2,-0.08000000000000007
450.24,-0.08000000000000007
450.28000000000003,-0.1599999999999997
450.32,-0.23999999999999977
450.36,-0.23999999999999977
450.40000000000003,-0.1599999999999997
450.44,-0.1599999999999997
450.48,-0.23999999999999977
450.52,-0.08000000000000007
450.56,-0.08000000000000007
450.6,-0.23999999999999977
450.64,-0.1599999999999997
450.68,-0.1599999999999997
450.72,-0.1599999999999997
450.76,-0.1599999999999997
450.8,-0.23999999999999977
450.84000000000003,-0.1599999999999997
450.88,-0.08000000000000007
450.92,-0.08000000000000007
450.96000000000004,-0.1599999999999997
451.0,-0.1599999999999997
451.04,-0.1599999999999997
451.08,-0.1599999999999997
451.12,-0.23999999999999977
451.16,-0.1599999999999997
451.2,-0.23999999999999977
451.24,-0.08000000000000007
451.28000000000003,-0.1599999999999997
451.32,-0.23999999999999977
451.36,-0.1599999999999997
451.40000000000003,-0.23999999999999977
451.44,-0.08000000000000007
451.48,-0.23999999999999977
451.52,-0.08000000000000007
451.56,-0.1599999999999997
451.6,-0.1599999999999997
451.64,-0.1599999999999997
451.68,-0.08000000000000007
451.72,-0.1599999999999997
451.76,-0.1599999999999997
451.8,-0.23999999999999977
451.84000000000003,-0.08000000000000007
451.88,-0.1599999999999997
451.92,-0.1599999999999997
451.96000000000004,-0.1599999999999997
452.0,-0.1599999999999997
452.04,-0.1599999999999997
452.08,-0.1599999999999997
452.12,-0.1599999999999997
452.16,-0.08000000000000007
452.2,-0.1599999999999997
452.24,-0.1599999999999997
452.28000000000003,-0.08000000000000007
452.32,-0.23999999999999977
452.36,-0.1599999999999997
452.40000000000003,-0.23999999999999977
452.44,-0.1599999999999997
452.48,-0.1599999999999997
452.52,-0.08000000000000007
452.56,-0.08000000000000007
452.6,-0.1599999999999997
452.64,-0.1599999999999997
452.68,-0.08000000000000007
452.72,-0.1599999999999997
452.76,-0.23999999999999977
452.8,-0.1599999999999997
452.84000000000003,-0.1599999999999997
452.88,-0.1599999999999997
452.92,-0.1599999999999997
452.96000000000004,-0.1599999999999997
453.0,-0.08000000000000007
453.04,-0.1599999999999997
453.08,-0.1599999999999997
453.12,-0.1599999999999997
453.16,-0.1599999999999997
453.2,-0.08000000000000007
453.24,-0.1599999999999997
453.28000000000003,-0.1599999999999997
453.32,-0.1599999999999997
453.36,-0.1599999999999997
453.40000000000003,-0.1599999999999997
453.44,-0.23999999999999977
453.48,-0.23999999999999977
453.52,-0.1599999999999997
453.56,-0.1599999999999997
453.6,-0.1599999999999997
453.64,-0.08000000000000007
453.68,-0.08000000000000007
453.72,-0.1599999999999997
453.76,-0.1599999999999997
453.8,-0.23999999999999977
453.84000000000003,-0.23999999999999977
453.88,-0.1599999999999997
453.92,-0.1599999999999997
453.96000000000004,-0.1599999999999997
454.0,-0.1599999999999997
454.04,-0.08000000000000007
454.08,-0.23999999999999977
454.12,-0.1599999999999997
454.16,-0.1599999999999997
454.2,-0.1599999999999997
454.24,-0.1599999999999997
454.28000000000003,-0.1599999999999997
454.32,-0.1599999999999997
454.36,-0.23999999999999977
454.40000000000003,-0.08000000000000007
454.44,-0.23999999999999977
454.48,-0.23999999999999977
454.52,-0.23999999999999977
454.56,-0.1599999999999997
454.6,-0.1599999999999997
454.64,-0.23999999999999977
454.68,-0.1599999999999997
454.72,-0.23999999999999977
454.76,-0.23999999999999977
454.8,-0.23999999999999977
454.84000000000003,-0.23999999999999977
454.88,-0.23999999999999977
454.92,-0.1599999999999997
454.96000000000004,-0.1599999999999997
455.0,-0.1599999999999997
455.04,-0.08000000000000007
455.08,-0.1599999999999997
455.12,-0.23999999999999977
455.16,-0.08000000000000007
455.2,-0.1599999999999997
455.24,-0.23999999999999977
455.28000000000003,-0.1599999999999997
455.32,-0.1599999999999997
455.36,-0.1599999999999997
455.40000000000003,-0.08000000000000007
455.44,-0.1599999999999997
455.48,-0.1599999999999997
455.52,-0.23999999999999977
455.56,-0.1599999999999997
455.6,-0.1599999999999997
455.64,-0.08000000000000007
455.68,-0.08000000000000007
455.72,-0.1599999999999997
455.76,-0.08000000000000007
455.8,-0.08000000000000007
455.84000000000003,-0.1599999999999997
455.88,-0.08000000000000007
455.92,-0.1599999999999997
455.96000000000004,-0.1599999999999997
456.0,-0.1599999999999997
456.04,-0.1599999999999997
456.08,-0.08000000000000007
456.12,-0.1599999999999997
456.16,-0.23999999999999977
456.2,-0.08000000000000007
456.24,-0.08000000000000007
456.28000000000003,-0.1599999999999997
456.32,-0.08000000000000007
456.36,-0.1599999999999997
456.40000000000003,-0.08000000000000007
456.44,-0.08000000000000007
456.48,-0.1599999999999997
456.52,-0.1599999999999997
456.56,-0.1599999999999997
456.6,-0.1599999999999997
456.64,-0.08000000000000007
456.68,-0.23999999999999977
456.72,-0.1599999999999997
456.76,-0.08000000000000007
456.8,-0.1599999999999997
456.84000000000003,-0.1599999999999997
456.88,-0.08000000000000007
456.92,-0.1599999999999997
456.96000000000004,-0.1599999999999997
457.0,-0.1599999999999997
457.04,-0.1599999999999997
457.08,-0.08000000000000007
457.12,-0.1599999999999997
457.16,-0.1599999999999997
457.2,-0.1599999999999997
457.24,-0.1599999999999997
457.28000000000003,-0.1599999999999997
457.32,-0.1599999999999997
457.36,-0.1599999999999997
457.40000000000003,-0.23999999999999977
457.44,-0.1599999999999997
457.48,-0.08000000000000007
457.52,-0.08000000000000007
457.56,-0.1599999999999997
457.6,-0.08000000000000007
457.64,-0.1599999999999997
457.68,-0.23999999999999977
457.72,-0.1599999999999997
457.76,-0.1599999999999997
457.8,-0.1599999999999997
457.84000000000003,-0.08000000000000007
457.88,-0.1599999999999997
457.92,-0.1599999999999997
457.96000000000004,-0.1599999999999997
458.0,-0.1599999999999997
458.04,-0.1599999999999997
458.08,-0.08000000000000007
458.12,-0.1599999999999997
458.16,-0.08000000000000007
458.2,-0.1599999999999997
458.24,-0.1599999999999997
458.28000000000003,-0.1599999999999997
458.32,-0.1599999999999997
458.36,-0.1599999999999997
458.40000000000003,-0.1599999999999997
458.44,-0.23999999999999977
458.48,-0.23999999999999977
458.52,-0.1599999999999997
458.56,-0.23999999999999977
458.6,-0.1599999999999997
458.64,-0.1599999999999997
458.68,-0.1599999999999997
458.72,-0.08000000000000007
458.76,-0.08000000000000007
458.8,-0.08000000000000007
458.84000000000003,-0.08000000000000007
458.88,-0.08000000000000007
458.92,-0.1599999999999997
458.96000000000004,-0.08000000000000007
459.0,-0.08000000000000007
459.04,-0.08000000000000007
459.08,-0.08000000000000007
459.12,-0.1599999999999997
459.16,-0.23999999999999977
459.2,-0.08000000000000007
459.24,-0.1599999999999997
459.28000000000003,-0.1599999999999997
459.32,-0.1599999999999997
459.36,-0.08000000000000007
459.40000000000003,-0.08000000000000007
459.44,-0.1599999999999997
459.48,-0.1599999999999997
459.52,-0.1599999999999997
459.56,-0.08000000000000007
459.6,-0.08000000000000007
459.64,-0.1599999999999997
459.68,-0.08000000000000007
459.72,-0.08000000000000007
459.76,-0.1599999999999997
459.8,-0.1599999999999997
459.84000000000003,-0.08000000000000007
459.88,-0.08000000000000007
459.92,-0.08000000000000007
459.96000000000004,-0.1599999999999997
460.0,-0.08000000000000007
460.04,-0.08000000000000007
460.08,-0.1599999999999997
460.12,-0.08000000000000007
460.16,-0.08000000000000007
460.2,-0.1599999999999997
460.24,-0.1599999999999997
460.28000000000003,-0.1599999999999997
460.32,-0.08000000000000007
460.36,-0.08000000000000007
460.40000000000003,-0.1599999999999997
460.44,-0.08000000000000007
460.48,-0.08000000000000007
460.52,-0.08000000000000007
460.56,-0.1599999999999997
460.6,-0.1599999999999997
460.64,-0.1599999999999997
460.68,-0.08000000000000007
460.72,-0.23999999999999977
460.76,-0.08000000000000007
460.8,-0.1599999999999997
460.84000000000003,-0.08000000000000007
460.88,-0.08000000000000007
460.92,-0.08000000000000007
460.96000000000004,-0.08000000000000007
461.0,-0.1599999999999997
461.04,-0.1599999999999997
461.08,-0.08000000000000007
461.12,-0.08000000000000007
461.16,-0.08000000000000007
461.2,-0.08000000000000007
461.24,-0.08000000000000007
461.28000000000003,-0.1599999999999997
461.32,-0.08000000000000007
461.36,-0.23999999999999977
461.40000000000003,-0.23999999999999977
461.44,-0.1599999999999997
461.48,-0.23999999999999977
461.52,-0.08000000000000007
461.56,-0.23999999999999977
461.6,-0.1599999999999997
461.64,-0.08000000000000007
461.68,-0.08000000000000007
461.72,-0.08000000000000007
461.76,-0.08000000000000007
461.8,-0.1599999999999997
461.84000000000003,-0.08000000000000007
461.88,-0.1599999999999997
461.92,-0.08000000000000007
461.96000000000004,-0.1599999999999997
462.0,-0.1599999999999997
462.04,-0.1599999999999997
462.08,-0.1599999999999997
462.12,-0.1599999999999997
462.16,-0.23999999999999977
462.2,-0.1599999999999997
462.24,-0.1599999999999997
462.28000000000003,-0.1599999999999997
462.32,-0.08000000000000007
462.36,-0.08000000000000007
462.40000000000003,-0.1599999999999997
462.44,-0.08000000000000007
462.48,-0.1599999999999997
462.52,-0.08000000000000007
462.56,-0.08000000000000007
462.6,-0.1599999999999997
462.64,-0.08000000000000007
462.68,-0.08000000000000007
462.72,-0.1599999999999997
462.76,-0.1599999999999997
462.8,-0.1599999999999997
462.84000000000003,-0.23999999999999977
462.88,-0.08000000000000007
462.92,-0.08000000000000007
462.96000000000004,-0.08000000000000007
463.0,-0.1599999999999997
463.04,-0.1599999999999997
463.08,-0.1599999999999997
463.12,-0.1599999999999997
463.16,-0.1599999999999997
463.2,-0.08000000000000007
463.24,-0.08000000000000007
463.28000000000003,-0.1599999999999997
463.32,-0.1599999999999997
463.36,-0.08000000000000007
463.40000000000003,-0.1599999999999997
463.44,-0.08000000000000007
463.48,-0.08000000000000007
463.52,-0.08000000000000007
463.56,-0.1599999999999997
463.6,-0.08000000000000007
463.64,-0.08000000000000007
463.68,-0.1599999999999997
463.72,-0.1599999999999997
463.76,-0.08000000000000007
463.8,-0.08000000000000007
463.84000000000003,-0.1599999999999997
463.88,-0.08000000000000007
463.92,-0.08000000000000007
463.96000000000004,-0.08000000000000007
464.0,-0.1599999999999997
464.04,-0.08000000000000007
464.08,-0.08000000000000007
464.12,-0.1599999999999997
464.16,-0.1599999999999997
464.2,-0.08000000000000007
464.24,-0.1599999999999997
464.28000000000003,-0.1599999999999997
464.32,-0.08000000000000007
464.36,-0.1599999999999997
464.40000000000003,-0.1599999999999997
464.44,-0.1599999999999997
464.48,-0.08000000000000007
464.52,-0.08000000000000007
464.56,-0.23999999999999977
464.6,-0.08000000000000007
464.64,-0.08000000000000007
464.68,-0.08000000000000007
464.72,-0.08000000000000007
464.76,-0.1599999999999997
464.8,-0.1599999999999997
464.84000000000003,-0.08000000000000007
464.88,-0.08000000000000007
464.92,-0.08000000000000007
464.96000000000004,-0.08000000000000007
465.0,-0.1599999999999997
465.04,-0.1599999999999997
465.08,-0.1599999999999997
465.12,-0.1599999999999997
465.16,-0.08000000000000007
465.2,-0.08000000000000007
465.24,-0.1599999999999997
465.28000000000003,-0.08000000000000007
465.32,-0.1599999999999997
465.36,-0.1599999999999997
465.40000000000003,-0.1599999999999997
465.44,-0.08000000000000007
465.48,-0.08000000000000007
465.52,-0.1599999999999997
465.56,-0.1599999999999997
465.6,-0.08000000000000007
465.64,-0.08000000000000007
465.68,-0.1599999999999997
465.72,-0.1599999999999997
465.76,-0.08000000000000007
465.8,-0.23999999999999977
465.84000000000003,-0.1599999999999997
465.88,-0.08000000000000007
465.92,-0.1599999999999997
465.96000000000004,-0.08000000000000007
466.0,-0.08000000000000007
466.04,-0.08000000000000007
466.08,-0.08000000000000007
466.12,-0.08000000000000007
466.16,-0.08000000000000007
466.2,-0.08000000000000007
466.24,-0.1599999999999997
466.28000000000003,-0.1599999999999997
466.32,-0.08000000000000007
466.36,-0.08000000000000007
466.40000000000003,-0.1599999999999997
466.44,-0.1599999999999997
466.48,-0.08000000000000007
466.52,-0.1599999999999997
466.56,-0.08000000000000007
466.6,-0.08000000000000007
466.64,-0.08000000000000007
466.68,-0.08000000000000007
466.72,-0.1599999999999997
466.76,-0.08000000000000007
466.8,-0.08000000000000007
466.84000000000003,-0.1599999999999997
466.88,-0.1599999999999997
466.92,-0.08000000000000007
466.96000000000004,-0.08000000000000007
467.0,-0.1599999999999997
467.04,-0.1599999999999997
467.08,-0.08000000000000007
467.12,-0.1599999999999997
467.16,-0.08000000000000007
467.2,-0.23999999999999977
467.24,-0.1599999999999997
467.28000000000003,-0.08000000000000007
467.32,-0.1599999999999997
467.36,-0.08000000000000007
467.40000000000003,-0.1599999999999997
467.44,-0.1599999999999997
467.48,-0.08000000000000007
467.52,-0.1599999999999997
467.56,-0.08000000000000007
467.6,-0.1599999999999997
467.64,-0.08000000000000007
467.68,-0.08000000000000007
467.72,-0.08000000000000007
467.76,-0.08000000000000007
467.8,-0.08000000000000007
467.84000000000003,-0.08000000000000007
467.88,-0.1599999999999997
467.92,-0.08000000000000007
467.96000000000004,-0.08000000000000007
468.0,-0.08000000000000007
468.04,-0.08000000000000007
468.08,-0.1599999999999997
468.12,-0.08000000000000007
468.16,-0.1599999999999997
468.2,-0.08000000000000007
468.24,-0.08000000000000007
468.28000000000003,-0.08000000000000007
468.32,-0.1599999999999997
468.36,-0.08000000000000007
468.40000000000003,-0.08000000000000007
468.44,-0.1599999999999997
468.48,-0.08000000000000007
468.52,-0.08000000000000007
468.56,-0.08000000000000007
468.6,-0.08000000000000007
468.64,-0.1599999999999997
468.68,-0.08000000000000007
468.72,-0.08000000000000007
468.76,-0.08000000000000007
468.8,-0.08000000000000007
468.84000000000003,-0.08000000000000007
468.88,-0.08000000000000007
468.92,-0.08000000000000007
468.96000000000004,-0.08000000000000007
469.0,-0.1599999999999997
469.04,-0.1599999999999997
469.08,-0.1599999999999997
469.12,-0.1599999999999997
469.16,-0.1599999999999997
469.2,-0.08000000000000007
469.24,-0.1599999999999997
469.28000000000003,-0.08000000000000007
469.32,-0.08000000000000007
469.36,-0.1599999999999997
469.40000000000003,-0.08000000000000007
469.44,-0.08000000000000007
469.48,-0.08000000000000007
469.52,-0.1599999999999997
469.56,-0.08000000000000007
469.6,-0.1599999999999997
469.64,-0.08000000000000007
469.68,-0.08000000000000007
469.72,-0.08000000000000007
469.76,-0.08000000000000007
469.8,-0.08000000000000007
469.84000000000003,-0.1599999999999997
469.88,-0.08000000000000007
469.92,-0.1599999999999997
469.96000000000004,-0.08000000000000007
470.0,-0.1599999999999997
470.04,-0.08000000000000007
470.08,-0.08000000000000007
470.12,-0.1599999999999997
470.16,-0.08000000000000007
470.2,-0.08000000000000007
470.24,-0.08000000000000007
470.28000000000003,-0.08000000000000007
470.32,-0.08000000000000007
470.36,-0.1599999999999997
470.40000000000003,-0.08000000000000007
470.44,-0.08000000000000007
470.48,-0.08000000000000007
470.52,-0.1599999999999997
470.56,-0.08000000000000007
470.6,-0.08000000000000007
470.64,-0.1599999999999997
470.68,-0.08000000000000007
470.72,-0.08000000000000007
470.76,-0.08000000000000007
470.8,-0.08000000000000007
470.84000000000003,-0.08000000000000007
470.88,-0.1599999999999997
470.92,-0.08000000000000007
470.96000000000004,-0.1599999999999997
471.0,-0.08000000000000007
471.04,-0.08000000000000007
471.08,-0.1599999999999997
471.12,-0.08000000000000007
471.16,-0.1599999999999997
471.2,-0.08000000000000007
471.24,-0.1599999999999997
471.28000000000003,-0.08000000000000007
471.32,-0.08000000000000007
471.36,-0.1599999999999997
471.40000000000003,-0.08000000000000007
471.44,-0.08000000000000007
471.48,-0.08000000000000007
471.52,-0.08000000000000007
471.56,-0.08000000000000007
471.6,-0.08000000000000007
471.64,-0.23999999999999977
471.68,-0.08000000000000007
471.72,-0.08000000000000007
471.76,-0.08000000000000007
471.8,-0.1599999999999997
471.84000000000003,-0.08000000000000007
471.88,-0.08000000000000007
471.92,-0.08000000000000007
471.96000000000004,-0.08000000000000007
472.0,-0.1599999999999997
472.04,-0.08000000000000007
472.08,-0.08000000000000007
472.12,-0.1599999999999997
472.16,-0.08000000000000007
472.2,-0.1599999999999997
472.24,-0.08000000000000007
472.28000000000003,-0.08000000000000007
472.32,-0.08000000000000007
472.36,-0.08000000000000007
472.40000000000003,-0.08000000000000007
472.44,-0.08000000000000007
472.48,-0.08000000000000007
472.52,-0.08000000000000007
472.56,-0.08000000000000007
472.6,-0.08000000000000007
472.64,-0.08000000000000007
472.68,-0.08000000000000007
472.72,-0.08000000000000007
472.76,-0.1599999999999997
472.8,-0.08000000000000007
472.84000000000003,-0.1599999999999997
472.88,-0.1599999999999997
472.92,-0.08000000000000007
472.96000000000004,-0.08000000000000007
473.0,-0.1599999999999997
473.04,-0.08000000000000007
473.08,-0.1599999999999997
473.12,-0.08000000000000007
473.16,-0.1599999999999997
473.2,-0.08000000000000007
473.24,-0.08000000000000007
473.28000000000003,-0.08000000000000007
473.32,-0.08000000000000007
473.36,-0.08000000000000007
473.40000000000003,-0.08000000000000007
473.44,-0.08000000000000007
473.48,-0.08000000000000007
473.52,-0.1599999999999997
473.56,-0.08000000000000007
473.6,-0.08000000000000007
473.64,-0.1599999999999997
473.68,-0.08000000000000007
473.72,-0.1599999999999997
473.76,-0.08000000000000007
473.8,-0.1599999999999997
473.84000000000003,-0.08000000000000007
473.88,-0.08000000000000007
473.92,-0.1599999999999997
473.96000000000004,-0.08000000000000007
474.0,-0.08000000000000007
474.04,-0.08000000000000007
474.08,-0.1599999999999997
474.12,-0.08000000000000007
474.16,-0.23999999999999977
474.2,-0.1599999999999997
474.24,-0.08000000000000007
474.28000000000003,-0.08000000000000007
474.32,-0.08000000000000007
474.36,-0.08000000000000007
474.40000000000003,-0.08000000000000007
474.44,-0.1599999999999997
474.48,-0.08000000000000007
474.52,-0.1599999999999997
474.56,-0.1599999999999997
474.6,-0.08000000000000007
474.64,-0.08000000000000007
474.68,-0.1599999999999997
474.72,-0.1599999999999997
474.76,-0.08000000000000007
474.8,-0.08000000000000007
474.84000000000003,-0.08000000000000007
474.88,-0.08000000000000007
474.92,-0.08000000000000007
474.96000000000004,-0.08000000000000007
475.0,-0.08000000000000007
475.04,-0.08000000000000007
475.08,-0.08000000000000007
475.12,-0.08000000000000007
475.16,-0.08000000000000007
475.2,-0.08000000000000007
475.24,-0.1599999999999997
475.28000000000003,-0.08000000000000007
475.32,-0.1599999999999997
475.36,-0.1599999999999997
475.40000000000003,-0.08000000000000007
475.44,-0.08000000000000007
475.48,-0.08000000000000007
475.52,-0.08000000000000007
475.56,-0.08000000000000007
475.6,-0.08000000000000007
475.64,-0.1599999999999997
475.68,-0.08000000000000007
475.72,-0.08000000000000007
475.76,-0.08000000000000007
475.8,-0.08000000000000007
475.84000000000003,-0.08000000000000007
475.88,-0.08000000000000007
475.92,-0.1599999999999997
475.96000000000004,-0.08000000000000007
476.0,-0.08000000000000007
476.04,-0.08000000000000007
476.08,-0.08000000000000007
476.12,-0.08000000000000007
476.16,-0.08000000000000007
476.2,-0.1599999999999997
476.24,-0.08000000000000007
476.28000000000003,-0.08000000000000007
476.32,-0.1599999999999997
476.36,-0.08000000000000007
476.40000000000003,-0.08000000000000007
476.44,-0.1599999999999997
476.48,-0.08000000000000007
476.52,-0.08000000000000007
476.56,-0.08000000000000007
476.6,-0.08000000000000007
476.64,-0.08000000000000007
476.68,-0.08000000000000007
476.72,-0.08000000000000007
476.76,-0.1599999999999997
476.8,-0.08000000000000007
476.84000000000003,-0.08000000000000007
476.88,-0.08000000000000007
476.92,-0.08000000000000007
476.96000000000004,-0.08000000000000007
477.0,-0.08000000000000007
477.04,-0.08000000000000007
477.08,-0.08000000000000007
477.12,-0.08000000000000007
477.16,-0.08000000000000007
477.2,-0.1599999999999997
477.24,-0.08000000000000007
477.28000000000003,-0.08000000000000007
477.32,-0.1599999999999997
477.36,-0.08000000000000007
477.40000000000003,-0.08000000000000007
477.44,-0.1599999999999997
477.48,-0.08000000000000007
477.52,-0.08000000000000007
477.56,-0.08000000000000007
477.6,-0.08000000000000007
477.64,-0.08000000000000007
477.68,-0.08000000000000007
477.72,-0.08000000000000007
477.76,-0.08000000000000007
477.8,-0.08000000000000007
477.84000000000003,-0.1599999999999997
477.88,-0.1599999999999997
477.92,-0.08000000000000007
477.96000000000004,-0.08000000000000007
478.0,-0.08000000000000007
478.04,-0.08000000000000007
478.08,-0.1599999999999997
478.12,-0.08000000000000007
478.16,-0.1599999999999997
478.2,-0.08000000000000007
478.24,-0.08000000000000007
478.28000000000003,-0.08000000000000007
478.32,-0.1599999999999997
478.36,-0.08000000000000007
478.40000000000003,-0.08000000000000007
478.44,-0.08000000000000007
478.48,-0.08000000000000007
478.52,-0.08000000000000007
478.56,-0.08000000000000007
478.6,-0.08000000000000007
478.64,-0.08000000000000007
478.68,-0.08000000000000007
478.72,-0.08000000000000007
478.76,-0.08000000000000007
478.8,-0.08000000000000007
478.84000000000003,-0.08000000000000007
478.88,-0.08000000000000007
478.92,-0.08000000000000007
478.96000000000004,-0.08000000000000007
479.0,-0.08000000000000007
479.04,-0.08000000000000007
479.08,-0.08000000000000007
479.12,-0.1599999999999997
479.16,-0.08000000000000007
479.2,-0.08000000000000007
479.24,-0.08000000000000007
479.28000000000003,-0.08000000000000007
479.32,-0.08000000000000007
479.36,-0.08000000000000007
479.40000000000003,-0.08000000000000007
479.44,-0.08000000000000007
479.48,-0.08000000000000007
479.52,-0.08000000000000007
479.56,-0.08000000000000007
479.6,-0.08000000000000007
479.64,-0.1599999999999997
479.68,-0.08000000000000007
479.72,-0.08000000000000007
479.76,-0.08000000000000007
479.8,-0.08000000000000007
479.84000000000003,-0.08000000000000007
479.88,-0.08000000000000007
479.92,-0.08000000000000007
479.96000000000004,-0.08000000000000007
480.0,-0.08000000000000007
480.04,-0.08000000000000007
480.08,-0.08000000000000007
480.12,-0.1599999999999997
480.16,-0.08000000000000007
480.2,-0.08000000000000007
480.24,-0.1599999999999997
480.28000000000003,-0.08000000000000007
480.32,-0.08000000000000007
480.36,-0.08000000000000007
480.40000000000003,-0.08000000000000007
480.44,-0.08000000000000007
480.48,-0.08000000000000007
480.52,-0.08000000000000007
480.56,-0.08000000000000007
480.6,-0.08000000000000007
480.64,-0.08000000000000007
480.68,-0.08000000000000007
480.72,-0.08000000000000007
480.76,-0.1599999999999997
480.8,-0.08000000000000007
480.84000000000003,-0.08000000000000007
480.88,-0.08000000000000007
480.92,-0.08000000000000007
480.96000000000004,-0.08000000000000007
481.0,-0.08000000000000007
481.04,-0.08000000000000007
481.08,-0.08000000000000007
481.12,-0.08000000000000007
481.16,-0.08000000000000007
481.2,-0.08000000000000007
481.24,-0.08000000000000007
481.28000000000003,-0.1599999999999997
481.32,-0.08000000000000007
481.36,-0.1599999999999997
481.40000000000003,-0.08000000000000007
481.44,-0.08000000000000007
481.48,-0.08000000000000007
481.52,-0.08000000000000007
481.56,-0.08000000000000007
481.6,-0.08000000000000007
481.64,-0.1599999999999997
481.68,-0.08000000000000007
481.72,-0.08000000000000007
481.76,-0.1599999999999997
481.8,-0.08000000000000007
481.84000000000003,-0.08000000000000007
481.88,-0.08000000000000007
481.92,-0.08000000000000007
481.96000000000004,-0.08000000000000007
482.0,-0.08000000000000007
482.04,-0.08000000000000007
482.08,-0.08000000000000007
482.12,-0.08000000000000007
482.16,-0.08000000000000007
482.2,-0.08000000000000007
482.24,-0.23999999999999977
482.28000000000003,-0.08000000000000007
482.32,-0.1599999999999997
482.36,-0.08000000000000007
482.40000000000003,-0.08000000000000007
482.44,-0.08000000000000007
482.48,-0.08000000000000007
482.52,-0.1599999999999997
482.56,-0.08000000000000007
482.6,-0.08000000000000007
482.64,-0.08000000000000007
482.68,-0.08000000000000007
482.72,-0.08000000000000007
482.76,-0.08000000000000007
482.8,-0.08000000000000007
482.84000000000003,-0.1599999999999997
482.88,-0.08000000000000007
482.92,-0.08000000000000007
482.96000000000004,-0.08000000000000007
483.0,-0.08000000000000007
483.04,-0.08000000000000007
483.08,-0.08000000000000007
483.12,-0.08000000000000007
483.16,-0.08000000000000007
483.2,-0.08000000000000007
483.24,-0.08000000000000007
483.28000000000003,-0.08000000000000007
483.32,-0.08000000000000007
483.36,-0.08000000000000007
483.40000000000003,-0.1599999999999997
483.44,-0.08000000000000007
483.48,-0.1599999999999997
483.52,-0.08000000000000007
483.56,-0.08000000000000007
483.6,-0.1599999999999997
483.64,-0.08000000000000007
483.68,-0.1599999999999997
483.72,-0.08000000000000007
483.76,-0.1599999999999997
483.8,-0.08000000000000007
483.84000000000003,-0.08000000000000007
483.88,-0.1599999999999997
483.92,-0.08000000000000007
483.96000000000004,-0.08000000000000007
484.0,-0.1599999999999997
484.04,-0.08000000000000007
484.08,-0.08000000000000007
484.12,-0.08000000000000007
484.16,-0.08000000000000007
484.2,-0.08000000000000007
484.24,-0.1599999999999997
484.28000000000003,-0.08000000000000007
484.32,-0.08000000000000007
484.36,-0.08000000000000007
484.40000000000003,-0.08000000000000007
484.44,-0.08000000000000007
484.48,-0.08000000000000007
484.52,-0.08000000000000007
484.56,-0.08000000000000007
484.6,-0.08000000000000007
484.64,-0.08000000000000007
484.68,-0.08000000000000007
484.72,-0.08000000000000007
484.76,-0.08000000000000007
484.8,-0.08000000000000007
484.84000000000003,-0.08000000000000007
484.88,-0.08000000000000007
484.92,-0.1599999999999997
484.96000000000004,-0.08000000000000007
485.0,-0.08000000000000007
485.04,-0.08000000000000007
485.08,-0.1599999999999997
485.12,-0.08000000000000007
485.16,-0.08000000000000007
485.2,-0.08000000000000007
485.24,-0.08000000000000007
485.28000000000003,-0.1599999999999997
485.32,-0.08000000000000007
485.36,-0.08000000000000007
485.40000000000003,-0.08000000000000007
485.44,-0.08000000000000007
485.48,-0.08000000000000007
485.52,-0.1599999999999997
485.56,-0.08000000000000007
485.6,-0.08000000000000007
485.64,-0.1599999999999997
485.68,-0.08000000000000007
485.72,-0.08000000000000007
485.76,-0.08000000000000007
485.8,-0.08000000000000007
485.84000000000003,-0.08000000000000007
485.88,-0.08000000000000007
485.92,-0.08000000000000007
485.96000000000004,-0.08000000000000007
486.0,-0.08000000000000007
486.04,-0.08000000000000007
486.08,-0.08000000000000007
486.12,-0.08000000000000007
486.16,-0.08000000000000007
486.2,-0.08000000000000007
486.24,-0.08000000000000007
486.28000000000003,-0.08000000000000007
486.32,-0.08000000000000007
486.36,-0.08000000000000007
486.40000000000003,-0.08000000000000007
486.44,-0.08000000000000007
486.48,-0.08000000000000007
486.52,-0.08000000000000007
486.56,-0.08000000000000007
486.6,-0.08000000000000007
486.64,-0.23999999999999977
486.68,-0.1599999999999997
486.72,-0.08000000000000007
486.76,-0.08000000000000007
486.8,-0.08000000000000007
486.84000000000003,-0.08000000000000007
486.88,-0.08000000000000007
486.92,-0.08000000000000007
486.96000000000004,-0.08000000000000007
487.0,-0.08000000000000007
487.04,-0.1599999999999997
487.08,-0.08000000000000007
487.12,-0.08000000000000007
487.16,-0.08000000000000007
487.2,-0.08000000000000007
487.24,-0.08000000000000007
487.28000000000003,-0.08000000000000007
487.32,-0.1599999999999997
487.36,-0.08000000000000007
487.40000000000003,-0.08000000000000007
487.44,-0.1599999999999997
487.48,-0.08000000000000007
487.52,-0.08000000000000007
487.56,-0.08000000000000007
487.6,-0.08000000000000007
487.64,-0.08000000000000007
487.68,-0.08000000000000007
487.72,-0.08000000000000007
487.76,-0.08000000000000007
487.8,-0.08000000000000007
487.84000000000003,-0.08000000000000007
487.88,-0.08000000000000007
487.92,-0.1599999999999997
487.96000000000004,-0.08000000000000007
488.0,-0.08000000000000007
488.04,-0.08000000000000007
488.08,-0.08000000000000007
488.12,-0.08000000000000007
488.16,-0.08000000000000007
488.2,-0.08000000000000007
488.24,-0.08000000000000007
488.28000000000003,-0.08000000000000007
488.32,-0.08000000000000007
488.36,-0.08000000000000007
488.40000000000003,-0.08000000000000007
488.44,-0.08000000000000007
488.48,-0.08000000000000007
488.52,-0.08000000000000007
488.56,-0.08000000000000007
488.6,-0.08000000000000007
488.64,-0.08000000000000007
488.68,-0.08000000000000007
488.72,-0.08000000000000007
488.76,-0.1599999999999997
488.8,-0.08000000000000007
488.84000000000003,-0.08000000000000007
488.88,-0.08000000000000007
488.92,-0.08000000000000007
488.96000000000004,-0.08000000000000007
489.0,-0.08000000000000007
489.04,-0.08000000000000007
489.08,-0.08000000000000007
489.12,-0.08000000000000007
489.16,-0.08000000000000007
489.2,-0.08000000000000007
489.24,-0.08000000000000007
489.28000000000003,-0.08000000000000007
489.32,-0.08000000000000007
489.36,-0.1599999999999997
489.40000000000003,-0.08000000000000007
489.44,-0.08000000000000007
489.48,-0.08000000000000007
489.52,-0.08000000000000007
489.56,-0.08000000000000007
489.6,-0.08000000000000007
489.64,-0.08000000000000007
489.68,-0.08000000000000007
489.72,-0.08000000000000007
489.76,-0.1599999999999997
489.8,-0.08000000000000007
489.84000000000003,-0.23999999999999977
489.88,-0.08000000000000007
489.92,-0.08000000000000007
489.96000000000004,-0.08000000000000007
490.0,-0.1599999999999997
490.04,-0.08000000000000007
490.08,-0.08000000000000007
490.12,-0.08000000000000007
490.16,-0.08000000000000007
490.2,-0.08000000000000007
490.24,-0.08000000000000007
490.28000000000003,-0.08000000000000007
490.32,-0.08000000000000007
490.36,-0.08000000000000007
490.40000000000003,-0.08000000000000007
490.44,-0.08000000000000007
490.48,-0.08000000000000007
490.52,-0.1599999999999997
490.56,-0.08000000000000007
490.6,-0.08000000000000007
490.64,-0.08000000000000007
490.68,-0.08000000000000007
490.72,-0.08000000000000007
490.76,-0.08000000000000007
490.8,-0.08000000000000007
490.84000000000003,-0.08000000000000007
490.88,-0.1599999999999997
490.92,-0.08000000000000007
490.96000000000004,-0.08000000000000007
491.0,-0.08000000000000007
491.04,-0.08000000000000007
491.08,-0.08000000000000007
491.12,-0.08000000000000007
491.16,-0.08000000000000007
491.2,-0.08000000000000007
491.24,-0.08000000000000007
491.28000000000003,-0.08000000000000007
491.32,-0.08000000000000007
491.36,-0.08000000000000007
491.40000000000003,-0.1599999999999997
491.44,-0.08000000000000007
491.48,-0.08000000000000007
491.52,-0.08000000000000007
491.56,-0.08000000000000007
491.6,-0.08000000000000007
491.64,-0.1599999999999997
491.68,-0.08000000000000007
491.72,-0.08000000000000007
491.76,-0.08000000000000007
491.8,-0.08000000000000007
491.84000000000003,-0.08000000000000007
491.88,-0.08000000000000007
491.92,-0.08000000000000007
491.96000000000004,-0.08000000000000007
492.0,-0.08000000000000007
492.04,-0.08000000000000007
492.08,-0.08000000000000007
492.12,-0.08000000000000007
492.16,-0.08000000000000007
492.2,-0.08000000000000007
492.24,-0.08000000000000007
492.28000000000003,-0.08000000000000007
492.32,-0.08000000000000007
492.36,-0.1599999999999997
492.40000000000003,-0.08000000000000007
492.44,-0.08000000000000007
492.48,-0.1599999999999997
492.52000000000004,-0.1599999999999997
492.56,-0.1599999999999997
492.6,-0.08000000000000007
492.64,-0.08000000000000007
492.68,-0.08000000000000007
492.72,-0.1599999999999997
492.76,-0.1599999999999997
492.8,-0.08000000000000007
492.84000000000003,-0.08000000000000007
492.88,-0.08000000000000007
492.92,-0.08000000000000007
492.96000000000004,-0.08000000000000007
493.0,-0.08000000000000007
493.04,-0.08000000000000007
493.08,-0.08000000000000007
493.12,-0.08000000000000007
493.16,-0.08000000000000007
493.2,-0.08000000000000007
493.24,-0.08000000000000007
493.28000000000003,-0.08000000000000007
493.32,-0.08000000000000007
493.36,-0.08000000000000007
493.40000000000003,-0.08000000000000007
493.44,-0.08000000000000007
493.48,-0.08000000000000007
493.52000000000004,-0.08000000000000007
493.56,-0.08000000000000007
493.6,-0.08000000000000007
493.64,-0.08000000000000007
493.68,-0.08000000000000007
493.72,-0.08000000000000007
493.76,-0.08000000000000007
493.8,-0.08000000000000007
493.84000000000003,-0.08000000000000007
493.88,-0.08000000000000007
493.92,-0.08000000000000007
493.96000000000004,-0.08000000000000007
494.0,-0.08000000000000007
494.04,-0.08000000000000007
494.08,-0.08000000000000007
494.12,-0.08000000000000007
494.16,-0.08000000000000007
494.2,-0.08000000000000007
494.24,-0.08000000000000007
494.28000000000003,-0.08000000000000007
494.32,-0.08000000000000007
494.36,-0.08000000000000007
494.40000000000003,-0.08000000000000007
494.44,-0.08000000000000007
494.48,-0.08000000000000007
494.52000000000004,-0.08000000000000007
494.56,-0.08000000000000007
494.6,-0.08000000000000007
494.64,-0.08000000000000007
494.68,-0.08000000000000007
494.72,-0.23999999999999977
494.76,-0.08000000000000007
494.8,-0.08000000000000007
494.84000000000003,-0.08000000000000007
494.88,-0.08000000000000007
494.92,-0.08000000000000007
494.96000000000004,-0.08000000000000007
495.0,-0.08000000000000007
495.04,-0.08000000000000007
495.08,-0.08000000000000007
495.12,-0.08000000000000007
495.16,-0.08000000000000007
495.2,-0.08000000000000007
495.24,-0.08000000000000007
495.28000000000003,-0.08000000000000007
495.32,-0.08000000000000007
495.36,-0.08000000000000007
495.40000000000003,-0.1599999999999997
495.44,-0.08000000000000007
495.48,-0.08000000000000007
495.52000000000004,-0.08000000000000007
495.56,-0.08000000000000007
495.6,-0.08000000000000007
495.64,-0.08000000000000007
495.68,-0.08000000000000007
495.72,-0.08000000000000007
495.76,-0.08000000000000007
495.8,-0.08000000000000007
495.84000000000003,-0.08000000000000007
495.88,-0.08000000000000007
495.92,-0.08000000000000007
495.96000000000004,-0.1599999999999997
496.0,-0.08000000000000007
496.04,-0.1599999999999997
496.08,-0.08000000000000007
496.12,-0.08000000000000007
496.16,-0.08000000000000007
496.2,-0.08000000000000007
496.24,-0.08000000000000007
496.28000000000003,-0.08000000000000007
496.32,-0.08000000000000007
496.36,-0.1599999999999997
496.40000000000003,-0.08000000000000007
496.44,-0.08000000000000007
496.48,-0.08000000000000007
496.52000000000004,-0.08000000000000007
496.56,-0.08000000000000007
496.6,-0.08000000000000007
496.64,-0.08000000000000007
496.68,-0.08000000000000007
496.72,-0.08000000000000007
496.76,-0.08000000000000007
496.8,-0.1599999999999997
496.84000000000003,-0.08000000000000007
496.88,-0.08000000000000007
496.92,-0.08000000000000007
496.96000000000004,-0.08000000000000007
497.0,-0.08000000000000007
497.04,-0.08000000000000007
497.08,-0.08000000000000007
497.12,-0.08000000000000007
497.16,-0.08000000000000007
497.2,-0.08000000000000007
497.24,-0.08000000000000007
497.28000000000003,-0.08000000000000007
497.32,-0.08000000000000007
497.36,-0.08000000000000007
497.40000000000003,-0.08000000000000007
497.44,-0.08000000000000007
497.48,-0.08000000000000007
497.52000000000004,-0.08000000000000007
497.56,-0.08000000000000007
497.6,-0.08000000000000007
497.64,-0.08000000000000007
497.68,-0.08000000000000007
497.72,-0.08000000000000007
497.76,-0.08000000000000007
497.8,-0.08000000000000007
497.84000000000003,-0.08000000000000007
497.88,-0.08000000000000007
497.92,-0.08000000000000007
497.96000000000004,-0.08000000000000007
498.0,-0.08000000000000007
498.04,-0.08000000000000007
498.08,-0.08000000000000007
498.12,-0.08000000000000007
498.16,-0.08000000000000007
498.2,-0.08000000000000007
498.24,-0.08000000000000007
498.28000000000003,-0.08000000000000007
498.32,-0.08000000000000007
498.36,-0.08000000000000007
498.40000000000003,-0.08000000000000007
498.44,-0.08000000000000007
498.48,-0.08000000000000007
498.52000000000004,-0.08000000000000007
498.56,-0.08000000000000007
498.6,-0.08000000000000007
498.64,-0.08000000000000007
498.68,-0.08000000000000007
498.72,-0.08000000000000007
498.76,-0.08000000000000007
498.8,-0.08000000000000007
498.84000000000003,-0.08000000000000007
498.88,-0.08000000000000007
498.92,-0.08000000000000007
498.96000000000004,-0.08000000000000007
499.0,-0.08000000000000007
499.04,-0.08000000000000007
499.08,-0.08000000000000007
499.12,-0.08000000000000007
499.16,-0.08000000000000007
499.2,-0.08000000000000007
499.24,-0.08000000000000007
499.28000000000003,-0.08000000000000007
499.32,-0.08000000000000007
499.36,-0.08000000000000007
499.40000000000003,-0.08000000000000007
499.44,-0.1599999999999997
499.48,-0.08000000000000007
499.52000000000004,-0.08000000000000007
499.56,-0.08000000000000007
499.6,-0.08000000000000007
499.64,-0.08000000000000007
499.68,-0.08000000000000007
499.72,-0.08000000000000007
499.76,-0.08000000000000007
499.8,-0.08000000000000007
499.84000000000003,-0.08000000000000007
499.88,-0.08000000000000007
499.92,-0.08000000000000007
499.96000000000004,-0.08000000000000007
500.0,-0.08000000000000007
500.04,-0.08000000000000007
500.08,-0.1599999999999997
500.12,0.0
500.16,-0.08000000000000007
500.2,-0.08000000000000007
500.24,-0.08000000000000007
500.28000000000003,-0.08000000000000007
500.32,-0.08000000000000007
500.36,-0.08000000000000007
500.40000000000003,-0.08000000000000007
500.44,-0.08000000000000007
500.48,-0.08000000000000007
500.52000000000004,-0.08000000000000007
500.56,-0.08000000000000007
500.6,-0.08000000000000007
500.64,-0.08000000000000007
500.68,-0.08000000000000007
500.72,-0.1599999999999997
500.76,-0.08000000000000007
500.8,0.0
500.84000000000003,-0.08000000000000007
500.88,-0.08000000000000007
500.92,-0.08000000000000007
500.96000000000004,-0.08000000000000007
501.0,-0.1599999999999997
501.04,-0.08000000000000007
501.08,-0.08000000000000007
501.12,-0.08000000000000007
501.16,-0.08000000000000007
501.2,-0.08000000000000007
501.24,-0.08000000000000007
501.28000000000003,-0.08000000000000007
501.32,-0.08000000000000007
501.36,-0.08000000000000007
501.40000000000003,-0.08000000000000007
501.44,-0.08000000000000007
501.48,-0.08000000000000007
501.52000000000004,-0.08000000000000007
501.56,-0.1599999999999997
501.6,0.0
501.64,-0.08000000000000007
501.68,-0.08000000000000007
501.72,-0.08000000000000007
501.76,-0.08000000000000007
501.8,-0.08000000000000007
501.84000000000003,-0.08000000000000007
501.88,-0.08000000000000007
501.92,-0.08000000000000007
501.96000000000004,-0.08000000000000007
502.0,-0.08000000000000007
502.04,-0.08000000000000007
502.08,-0.08000000000000007
502.12,-0.08000000000000007
502.16,-0.08000000000000007
502.2,-0.08000000000000007
502.24,-0.08000000000000007
502.28000000000003,-0.08000000000000007
502.32,-0.08000000000000007
502.36,-0.08000000000000007
502.40000000000003,-0.08000000000000007
502.44,-0.08000000000000007
502.48,-0.08000000000000007
502.52000000000004,-0.08000000000000007
502.56,-0.08000000000000007
502.6,-0.08000000000000007
502.64,-0.08000000000000007
502.68,-0.08000000000000007
502.72,-0.08000000000000007
502.76,-0.08000000000000007
502.8,-0.08000000000000007
502.84000000000003,-0.08000000000000007
502.88,-0.08000000000000007
502.92,-0.08000000000000007
502.96000000000004,-0.08000000000000007
503.0,-0.08000000000000007
503.04,-0.08000000000000007
503.08,-0.08000000000000007
503.12,-0.08000000000000007
503.16,-0.08000000000000007
503.2,-0.08000000000000007
503.24,-0.08000000000000007
503.28000000000003,-0.08000000000000007
503.32,-0.08000000000000007
503.36,-0.08000000000000007
503.40000000000003,-0.08000000000000007
503.44,-0.08000000000000007
503.48,-0.08000000000000007
503.52000000000004,-0.08000000000000007
503.56,-0.08000000000000007
503.6,-0.1599999999999997
503.64,-0.08000000000000007
503.68,-0.08000000000000007
503.72,-0.08000000000000007
503.76,-0.08000000000000007
503.8,-0.08000000000000007
503.84000000000003,-0.08000000000000007
503.88,-0.08000000000000007
503.92,-0.08000000000000007
503.96000000000004,-0.08000000000000007
504.0,-0.08000000000000007
504.04,-0.08000000000000007
504.08,-0.08000000000000007
504.12,-0.08000000000000007
504.16,-0.08000000000000007
504.2,-0.08000000000000007
504.24,-0.08000000000000007
504.28000000000003,-0.08000000000000007
504.32,-0.08000000000000007
504.36,-0.08000000000000007
504.40000000000003,-0.08000000000000007
504.44,-0.08000000000000007
504.48,-0.08000000000000007
504.52000000000004,-0.08000000000000007
504.56,-0.08000000000000007
504.6,-0.08000000000000007
504.64,-0.08000000000000007
504.68,-0.1599999999999997
504.72,-0.08000000000000007
504.76,-0.08000000000000007
504.8,-0.08000000000000007
504.84000000000003,-0.08000000000000007
504.88,-0.08000000000000007
504.92,-0.08000000000000007
504.96000000000004,-0.08000000000000007
505.0,-0.08000000000000007
505.04,-0.08000000000000007
505.08,-0.08000000000000007
505.12,-0.08000000000000007
505.16,-0.08000000000000007
505.2,-0.08000000000000007
505.24,-0.08000000000000007
505.28000000000003,-0.08000000000000007
505.32,-0.08000000000000007
505.36,-0.08000000000000007
505.40000000000003,-0.08000000000000007
505.44,-0.08000000000000007
505.48,-0.08000000000000007
505.52000000000004,-0.1599999999999997
505.56,-0.08000000000000007
505.6,-0.08000000000000007
505.64,-0.08000000000000007
505.68,-0.08000000000000007
505.72,-0.08000000000000007
505.76,-0.08000000000000007
505.8,-0.08000000000000007
505.84000000000003,-0.08000000000000007
505.88,-0.08000000000000007
505.92,-0.08000000000000007
505.96000000000004,-0.08000000000000007
506.0,-0.08000000000000007
506.04,-0.08000000000000007
506.08,-0.08000000000000007
506.12,-0.08000000000000007
506.16,-0.08000000000000007
506.2,-0.08000000000000007
506.24,-0.08000000000000007
506.28000000000003,-0.08000000000000007
506.32,-0.08000000000000007
506.36,-0.08000000000000007
506.40000000000003,-0.08000000000000007
506.44,-0.08000000000000007
506.48,-0.08000000000000007
506.52000000000004,-0.1599999999999997
506.56,-0.08000000000000007
506.6,-0.08000000000000007
506.64,-0.08000000000000007
506.68,-0.08000000000000007
506.72,-0.08000000000000007
506.76,-0.08000000000000007
506.8,-0.08000000000000007
506.84000000000003,-0.08000000000000007
506.88,-0.08000000000000007
506.92,-0.08000000000000007
506.96000000000004,-0.08000000000000007
507.0,-0.08000000000000007
507.04,-0.08000000000000007
507.08,-0.08000000000000007
507.12,-0.08000000000000007
507.16,-0.08000000000000007
507.2,-0.08000000000000007
507.24,-0.08000000000000007
507.28000000000003,-0.08000000000000007
507.32,-0.08000000000000007
507.36,-0.08000000000000007
507.40000000000003,-0.08000000000000007
507.44,-0.08000000000000007
507.48,-0.08000000000000007
507.52000000000004,-0.08000000000000007
507.56,-0.08000000000000007
507.6,-0.08000000000000007
507.64,-0.08000000000000007
507.68,-0.08000000000000007
507.72,-0.1599999999999997
507.76,-0.08000000000000007
507.8,-0.08000000000000007
507.84000000000003,-0.08000000000000007
507.88,-0.08000000000000007
507.92,-0.08000000000000007
507.96000000000004,-0.08000000000000007
508.0,-0.08000000000000007
508.04,-0.08000000000000007
508.08,-0.08000000000000007
508.12,-0.08000000000000007
508.16,-0.08000000000000007
508.2,-0.08000000000000007
508.24,-0.08000000000000007
508.28000000000003,-0.08000000000000007
508.32,-0.08000000000000007
508.36,-0.08000000000000007
508.40000000000003,-0.08000000000000007
508.44,-0.08000000000000007
508.48,-0.08000000000000007
508.52000000000004,-0.08000000000000007
508.56,-0.08000000000000007
508.6,-0.08000000000000007
508.64,-0.08000000000000007
508.68,-0.1599999999999997
508.72,-0.08000000000000007
508.76,-0.08000000000000007
508.8,-0.08000000000000007
508.84000000000003,-0.08000000000000007
508.88,-0.08000000000000007
508.92,-0.08000000000000007
508.96000000000004,-0.08000000000000007
509.0,-0.08000000000000007
509.04,-0.08000000000000007
509.08,-0.08000000000000007
509.12,-0.08000000000000007
509.16,-0.08000000000000007
509.2,-0.1599999999999997
509.24,-0.08000000000000007
509.28000000000003,-0.08000000000000007
509.32,-0.08000000000000007
509.36,-0.08000000000000007
509.40000000000003,-0.08000000000000007
509.44,-0.08000000000000007
509.48,-0.08000000000000007
509.52000000000004,-0.1599999999999997
509.56,-0.08000000000000007
509.6,-0.08000000000000007
509.64,-0.1599999999999997
509.68,-0.08000000000000007
509.72,-0.08000000000000007
509.76,-0.08000000000000007
509.8,-0.08000000000000007
509.84000000000003,-0.08000000000000007
509.88,-0.08000000000000007
509.92,-0.08000000000000007
509.96000000000004,-0.08000000000000007
510.0,-0.08000000000000007
510.04,-0.08000000000000007
510.08,-0.08000000000000007
510.12,-0.08000000000000007
510.16,-0.08000000000000007
510.2,-0.08000000000000007
510.24,-0.08000000000000007
510.28000000000003,-0.08000000000000007
510.32,-0.08000000000000007
510.36,-0.08000000000000007
510.40000000000003,-0.08000000000000007
510.44,-0.08000000000000007
510.48,-0.08000000000000007
510.52000000000004,-0.08000000000000007
510.56,-0.08000000000000007
510.6,-0.08000000000000007
510.64,-0.08000000000000007
510.68,-0.08000000000000007
510.72,-0.08000000000000007
510.76,-0.08000000000000007
510.8,-0.08000000000000007
510.84000000000003,-0.08000000000000007
510.88,-0.08000000000000007
510.92,-0.08000000000000007
510.96000000000004,-0.08000000000000007
511.0,-0.08000000000000007
511.04,-0.08000000000000007
511.08,-0.08000000000000007
511.12,-0.08000000000000007
511.16,-0.08000000000000007
511.2,-0.08000000000000007
511.24,-0.08000000000000007
511.28000000000003,-0.08000000000000007
511.32,-0.08000000000000007
511.36,-0.08000000000000007
511.40000000000003,-0.08000000000000007
511.44,-0.08000000000000007
511.48,-0.08000000000000007
511.52000000000004,-0.08000000000000007
511.56,-0.08000000000000007
511.6,-0.08000000000000007
511.64,-0.08000000000000007
511.68,-0.08000000000000007
511.72,-0.08000000000000007
511.76,-0.08000000000000007
511.8,-0.08000000000000007
511.84000000000003,-0.08000000000000007
511.88,-0.08000000000000007
511.92,-0.08000000000000007
511.96000000000004,-0.08000000000000007
512.0,-0.08000000000000007
512.04,-0.1599999999999997
512.08,-0.08000000000000007
512.12,-0.08000000000000007
512.16,0.0
512.2,-0.08000000000000007
512.24,-0.08000000000000007
512.28,-0.08000000000000007
512.32,-0.08000000000000007
512.36,-0.08000000000000007
512.4,-0.08000000000000007
512.44,-0.08000000000000007
512.48,-0.08000000000000007
512.52,-0.08000000000000007
512.5600000000001,-0.08000000000000007
512.6,-0.08000000000000007
512.64,-0.08000000000000007
512.6800000000001,-0.08000000000000007
512.72,-0.08000000000000007
512.76,-0.08000000000000007
512.8,-0.08000000000000007
512.84,-0.08000000000000007
512.88,-0.08000000000000007
512.92,-0.08000000000000007
512.96,-0.08000000000000007
513.0,-0.08000000000000007
513.04,-0.08000000000000007
513.08,-0.08000000000000007
513.12,-0.08000000000000007
513.16,-0.08000000000000007
513.2,-0.08000000000000007
513.24,-0.08000000000000007
513.28,-0.08000000000000007
513.32,-0.1599999999999997
513.36,-0.08000000000000007
513.4,-0.08000000000000007
513.44,-0.08000000000000007
513.48,-0.08000000000000007
513.52,-0.08000000000000007
513.5600000000001,-0.08000000000000007
513.6,-0.08000000000000007
513.64,-0.08000000000000007
513.6800000000001,-0.08000000000000007
513.72,-0.08000000000000007
513.76,-0.08000000000000007
513.8,-0.08000000000000007
513.84,-0.08000000000000007
513.88,-0.08000000000000007
513.92,-0.08000000000000007
513.96,-0.08000000000000007
514.0,-0.08000000000000007
514.04,-0.08000000000000007
514.08,-0.08000000000000007
514.12,-0.08000000000000007
514.16,-0.08000000000000007
514.2,-0.08000000000000007
514.24,-0.08000000000000007
514.28,-0.08000000000000007
514.32,-0.08000000000000007
514.36,-0.08000000000000007
514.4,-0.08000000000000007
514.44,-0.08000000000000007
514.48,-0.08000000000000007
514.52,-0.08000000000000007
514.5600000000001,-0.08000000000000007
514.6,-0.08000000000000007
514.64,-0.08000000000000007
514.6800000000001,-0.08000000000000007
514.72,-0.08000000000000007
514.76,-0.08000000000000007
514.8,-0.08000000000000007
514.84,-0.08000000000000007
514.88,-0.08000000000000007
514.92,-0.08000000000000007
514.96,-0.08000000000000007
515.0,-0.08000000000000007
515.04,-0.08000000000000007
515.08,-0.08000000000000007
515.12,-0.08000000000000007
515.16,-0.08000000000000007
515.2,-0.08000000000000007
515.24,-0.08000000000000007
515.28,-0.08000000000000007
515.32,0.0
515.36,-0.08000000000000007
515.4,-0.08000000000000007
515.44,-0.08000000000000007
515.48,-0.08000000000000007
515.52,-0.08000000000000007
515.5600000000001,-0.08000000000000007
515.6,-0.08000000000000007
515.64,-0.08000000000000007
515.6800000000001,-0.08000000000000007
515.72,-0.08000000000000007
515.76,-0.08000000000000007
515.8,-0.08000000000000007
515.84,-0.08000000000000007
515.88,-0.08000000000000007
515.92,-0.08000000000000007
515.96,-0.08000000000000007
516.0,-0.08000000000000007
516.04,0.0
516.08,-0.08000000000000007
516.12,-0.08000000000000007
516.16,-0.08000000000000007
516.2,-0.08000000000000007
516.24,-0.08000000000000007
516.28,-0.08000000000000007
516.32,-0.08000000000000007
516.36,-0.08000000000000007
516.4,-0.08000000000000007
516.44,-0.08000000000000007
516.48,-0.08000000000000007
516.52,-0.08000000000000007
516.5600000000001,-0.08000000000000007
516.6,-0.1599999999999997
516.64,-0.08000000000000007
516.6800000000001,-0.08000000000000007
516.72,-0.08000000000000007
516.76,-0.08000000000000007
516.8,-0.08000000000000007
516.84,-0.08000000000000007
516.88,-0.08000000000000007
516.92,-0.08000000000000007
516.96,-0.08000000000000007
517.0,-0.08000000000000007
517.04,-0.08000000000000007
517.08,-0.08000000000000007
517.12,-0.08000000000000007
517.16,-0.08000000000000007
517.2,-0.08000000000000007
517.24,-0.08000000000000007
517.28,-0.08000000000000007
517.32,-0.08000000000000007
517.36,-0.08000000000000007
517.4,-0.08000000000000007
517.44,-0.08000000000000007
517.48,-0.08000000000000007
517.52,-0.08000000000000007
517.5600000000001,-0.08000000000000007
517.6,-0.08000000000000007
517.64,-0.08000000000000007
517.6800000000001,-0.08000000000000007
517.72,-0.08000000000000007
517.76,0.0
517.8,-0.08000000000000007
517.84,-0.08000000000000007
517.88,-0.08000000000000007
517.92,-0.08000000000000007
517.96,-0.08000000000000007
518.0,-0.08000000000000007
518.04,-0.08000000000000007
518.08,-0.08000000000000007
518.12,-0.08000000000000007
518.16,0.0
518.2,-0.08000000000000007
518.24,-0.08000000000000007
518.28,-0.08000000000000007
518.32,-0.08000000000000007
518.36,-0.08000000000000007
518.4,-0.08000000000000007
518.44,-0.08000000000000007
518.48,-0.08000000000000007
518.52,-0.08000000000000007
518.5600000000001,-0.08000000000000007
518.6,-0.08000000000000007
518.64,-0.08000000000000007
518.6800000000001,-0.08000000000000007
518.72,-0.08000000000000007
518.76,-0.08000000000000007
518.8,-0.08000000000000007
518.84,-0.08000000000000007
518.88,-0.08000000000000007
518.92,-0.08000000000000007
518.96,-0.08000000000000007
519.0,-0.08000000000000007
519.04,-0.08000000000000007
519.08,-0.08000000000000007
519.12,-0.08000000000000007
519.16,-0.08000000000000007
519.2,-0.08000000000000007
519.24,-0.08000000000000007
519.28,-0.08000000000000007
519.32,-0.08000000000000007
519.36,-0.08000000000000007
519.4,-0.08000000000000007
519.44,-0.08000000000000007
519.48,-0.08000000000000007
519.52,-0.08000000000000007
519.5600000000001,-0.08000000000000007
519.6,-0.08000000000000007
519.64,-0.08000000000000007
519.6800000000001,-0.08000000000000007
519.72,-0.08000000000000007
519.76,-0.08000000000000007
519.8,-0.08000000000000007
519.84,-0.08000000000000007
519.88,-0.08000000000000007
519.92,-0.08000000000000007
519.96,-0.08000000000000007
520.0,-0.08000000000000007
520.04,0.0
520.08,-0.08000000000000007
520.12,-0.08000000000000007
520.16,-0.08000000000000007
520.2,-0.08000000000000007
520.24,-0.08000000000000007
520.28,-0.08000000000000007
520.32,-0.08000000000000007
520.36,-0.1599999999999997
520.4,0.0
520.44,-0.08000000000000007
520.48,-0.08000000000000007
520.52,-0.08000000000000007
520.5600000000001,-0.08000000000000007
520.6,-0.08000000000000007
520.64,-0.08000000000000007
520.6800000000001,-0.08000000000000007
520.72,-0.08000000000000007
520.76,-0.08000000000000007
520.8,-0.08000000000000007
520.84,-0.08000000000000007
520.88,-0.08000000000000007
520.92,-0.1599999999999997
520.96,-0.08000000000000007
521.0,-0.08000000000000007
521.04,-0.08000000000000007
521.08,-0.08000000000000007
521.12,-0.08000000000000007
521.16,-0.08000000000000007
521.2,-0.08000000000000007
521.24,-0.08000000000000007
521.28,-0.08000000000000007
521.32,-0.08000000000000007
521.36,-0.08000000000000007
521.4,-0.08000000000000007
521.44,-0.08000000000000007
521.48,-0.08000000000000007
521.52,-0.08000000000000007
521.5600000000001,-0.08000000000000007
521.6,-0.08000000000000007
521.64,-0.08000000000000007
521.6800000000001,-0.08000000000000007
521.72,-0.08000000000000007
521.76,-0.08000000000000007
521.8,-0.08000000000000007
521.84,-0.08000000000000007
521.88,-0.08000000000000007
521.92,-0.08000000000000007
521.96,-0.08000000000000007
522.0,-0.08000000000000007
522.04,-0.08000000000000007
522.08,-0.08000000000000007
522.12,-0.08000000000000007
522.16,-0.08000000000000007
522.2,-0.08000000000000007
522.24,-0.08000000000000007
522.28,-0.08000000000000007
522.32,-0.08000000000000007
522.36,-0.08000000000000007
522.4,-0.08000000000000007
522.44,-0.08000000000000007
522.48,-0.08000000000000007
522.52,-0.08000000000000007
522.5600000000001,-0.08000000000000007
522.6,-0.08000000000000007
522.64,0.0
522.6800000000001,-0.08000000000000007
522.72,-0.08000000000000007
522.76,-0.08000000000000007
522.8,-0.08000000000000007
522.84,-0.08000000000000007
522.88,-0.08000000000000007
522.92,-0.08000000000000007
522.96,-0.08000000000000007
523.0,-0.08000000000000007
523.04,-0.08000000000000007
523.08,-0.08000000000000007
523.12,-0.08000000000000007
523.16,-0.08000000000000007
523.2,-0.08000000000000007
523.24,-0.08000000000000007
523.28,-0.08000000000000007
523.32,-0.08000000000000007
523.36,-0.08000000000000007
523.4,-0.08000000000000007
523.44,0.0
523.48,-0.08000000000000007
523.52,-0.08000000000000007
523.5600000000001,-0.08000000000000007
523.6,-0.08000000000000007
523.64,-0.08000000000000007
523.6800000000001,-0.08000000000000007
523.72,-0.08000000000000007
523.76,-0.08000000000000007
523.8,-0.08000000000000007
523.84,-0.08000000000000007
523.88,-0.08000000000000007
523.92,-0.08000000000000007
523.96,-0.08000000000000007
524.0,-0.08000000000000007
524.04,-0.08000000000000007
524.08,-0.08000000000000007
524.12,-0.08000000000000007
524.16,-0.08000000000000007
524.2,-0.08000000000000007
524.24,-0.08000000000000007
524.28,-0.08000000000000007
524.32,-0.08000000000000007
524.36,0.0
524.4,-0.08000000000000007
524.44,-0.08000000000000007
524.48,-0.08000000000000007
524.52,-0.08000000000000007
524.5600000000001,-0.08000000000000007
524.6,-0.08000000000000007
524.64,-0.1599999999999997
524.6800000000001,-0.08000000000000007
524.72,-0.08000000000000007
524.76,-0.08000000000000007
524.8,-0.08000000000000007
524.84,-0.08000000000000007
524.88,-0.08000000000000007
524.92,-0.08000000000000007
524.96,-0.08000000000000007
525.0,-0.08000000000000007
525.04,-0.08000000000000007
525.08,-0.08000000000000007
525.12,-0.08000000000000007
525.16,-0.08000000000000007
525.2,-0.08000000000000007
525.24,-0.08000000000000007
525.28,-0.08000000000000007
525.32,-0.08000000000000007
525.36,-0.08000000000000007
525.4,0.0
525.44,-0.08000000000000007
525.48,-0.08000000000000007
525.52,-0.08000000000000007
525.5600000000001,-0.08000000000000007
525.6,-0.08000000000000007
525.64,-0.08000000000000007
525.6800000000001,-0.08000000000000007
525.72,0.0
525.76,-0.08000000000000007
525.8,-0.08000000000000007
525.84,-0.08000000000000007
525.88,-0.08000000000000007
525.92,-0.08000000000000007
525.96,-0.08000000000000007
526.0,-0.08000000000000007
526.04,-0.08000000000000007
526.08,-0.08000000000000007
526.12,-0.08000000000000007
526.16,-0.08000000000000007
526.2,-0.08000000000000007
526.24,-0.08000000000000007
526.28,-0.08000000000000007
526.32,-0.08000000000000007
526.36,-0.08000000000000007
526.4,-0.08000000000000007
526.44,-0.08000000000000007
526.48,-0.08000000000000007
526.52,-0.08000000000000007
526.5600000000001,0.0
526.6,-0.08000000000000007
526.64,-0.08000000000000007
526.6800000000001,-0.08000000000000007
526.72,-0.08000000000000007
526.76,-0.08000000000000007
526.8,-0.08000000000000007
526.84,-0.08000000000000007
526.88,-0.08000000000000007
526.92,-0.08000000000000007
526.96,-0.08000000000000007
527.0,-0.08000000000000007
527.04,-0.08000000000000007
527.08,-0.08000000000000007
527.12,-0.08000000000000007
527.16,-0.08000000000000007
527.2,0.0
527.24,-0.08000000000000007
527.28,-0.08000000000000007
527.32,-0.08000000000000007
527.36,-0.08000000000000007
527.4,-0.08000000000000007
527.44,-0.08000000000000007
527.48,-0.08000000000000007
527.52,0.0
527.5600000000001,0.0
527.6,-0.08000000000000007
527.64,-0.08000000000000007
527.6800000000001,-0.08000000000000007
527.72,-0.08000000000000007
527.76,0.0
527.8,-0.08000000000000007
527.84,-0.08000000000000007
527.88,-0.08000000000000007
527.92,-0.08000000000000007
527.96,-0.08000000000000007
528.0,-0.08000000000000007
528.04,-0.08000000000000007
528.08,-0.08000000000000007
528.12,-0.08000000000000007
528.16,-0.08000000000000007
528.2,0.0
528.24,-0.08000000000000007
528.28,-0.08000000000000007
528.32,-0.08000000000000007
528.36,-0.08000000000000007
528.4,-0.08000000000000007
528.44,-0.08000000000000007
528.48,-0.08000000000000007
528.52,-0.08000000000000007
528.5600000000001,-0.08000000000000007
528.6,0.0
528.64,-0.08000000000000007
528.6800000000001,-0.08000000000000007
528.72,0.0
528.76,-0.08000000000000007
528.8,-0.08000000000000007
528.84,-0.08000000000000007
528.88,-0.08000000000000007
528.92,-0.08000000000000007
528.96,-0.08000000000000007
529.0,-0.08000000000000007
529.04,-0.08000000000000007
529.08,-0.08000000000000007
529.12,-0.08000000000000007
529.16,-0.08000000000000007
529.2,-0.08000000000000007
529.24,-0.08000000000000007
529.28,-0.08000000000000007
529.32,-0.08000000000000007
529.36,-0.08000000000000007
529.4,-0.08000000000000007
529.44,-0.08000000000000007
529.48,-0.08000000000000007
529.52,-0.08000000000000007
529.5600000000001,-0.08000000000000007
529.6,-0.08000000000000007
529.64,-0.08000000000000007
529.6800000000001,-0.08000000000000007
529.72,-0.08000000000000007
529.76,-0.08000000000000007
529.8,-0.08000000000000007
529.84,-0.08000000000000007
529.88,-0.08000000000000007
529.92,0.0
529.96,-0.08000000000000007
530.0,-0.08000000000000007
530.04,-0.08000000000000007
530.08,-0.08000000000000007
530.12,-0.08000000000000007
530.16,-0.08000000000000007
530.2,-0.08000000000000007
530.24,-0.08000000000000007
530.28,-0.08000000000000007
530.32,0.0
530.36,-0.08000000000000007
530.4,-0.08000000000000007
530.44,-0.08000000000000007
530.48,0.0
530.52,-0.08000000000000007
530.5600000000001,-0.08000000000000007
530.6,-0.08000000000000007
530.64,-0.08000000000000007
530.6800000000001,-0.08000000000000007
530.72,-0.08000000000000007
530.76,-0.08000000000000007
530.8,-0.08000000000000007
530.84,-0.08000000000000007
530.88,-0.08000000000000007
530.92,0.0
530.96,-0.08000000000000007
531.0,-0.08000000000000007
531.04,-0.08000000000000007
531.08,-0.08000000000000007
531.12,-0.08000000000000007
531.16,0.0
531.2,-0.08000000000000007
531.24,-0.08000000000000007
531.28,0.0
531.32,-0.08000000000000007
531.36,-0.08000000000000007
531.4,-0.08000000000000007
531.44,-0.08000000000000007
531.48,-0.08000000000000007
531.52,-0.08000000000000007
531.5600000000001,-0.08000000000000007
531.6,-0.08000000000000007
531.64,0.0
531.6800000000001,-0.08000000000000007
531.72,-0.08000000000000007
531.76,-0.08000000000000007
531.8,-0.08000000000000007
531.84,0.0
531.88,-0.08000000000000007
531.92,-0.08000000000000007
531.96,-0.08000000000000007
532.0,-0.08000000000000007
532.04,-0.08000000000000007
532.08,-0.08000000000000007
532.12,-0.08000000000000007
532.16,-0.08000000000000007
532.2,-0.08000000000000007
532.24,-0.08000000000000007
532.28,-0.08000000000000007
532.32,-0.08000000000000007
532.36,-0.08000000000000007
532.4,-0.08000000000000007
532.44,-0.08000000000000007
532.48,0.0
532.52,-0.08000000000000007
532.5600000000001,-0.08000000000000007
532.6,-0.08000000000000007
532.64,-0.08000000000000007
532.6800000000001,-0.08000000000000007
532.72,-0.08000000000000007
532.76,-0.08000000000000007
532.8,-0.08000000000000007
532.84,-0.08000000000000007
532.88,-0.08000000000000007
532.92,-0.08000000000000007
532.96,-0.08000000000000007
533.0,-0.08000000000000007
533.04,-0.08000000000000007
533.08,-0.08000000000000007
533.12,-0.08000000000000007
533.16,-0.08000000000000007
533.2,-0.08000000000000007
533.24,-0.08000000000000007
533.28,-0.08000000000000007
533.32,-0.08000000000000007
533.36,-0.08000000000000007
533.4,-0.08000000000000007
533.44,-0.08000000000000007
533.48,-0.08000000000000007
533.52,0.0
533.5600000000001,-0.08000000000000007
533.6,-0.08000000000000007
533.64,-0.08000000000000007
533.6800000000001,-0.08000000000000007
533.72,-0.08000000000000007
533.76,-0.08000000000000007
533.8,-0.08000000000000007
533.84,-0.08000000000000007
533.88,-0.08000000000000007
533.92,-0.08000000000000007
533.96,-0.08000000000000007
534.0,-0.08000000000000007
534.04,-0.08000000000000007
534.08,-0.08000000000000007
534.12,-0.08000000000000007
534.16,-0.08000000000000007
534.2,-0.08000000000000007
534.24,-0.08000000000000007
534.28,-0.08000000000000007
534.32,-0.08000000000000007
534.36,-0.08000000000000007
534.4,-0.08000000000000007
534.44,-0.08000000000000007
534.48,-0.08000000000000007
534.52,-0.08000000000000007
534.5600000000001,-0.08000000000000007
534.6,0.0
534.64,-0.08000000000000007
534.6800000000001,-0.08000000000000007
534.72,-0.08000000000000007
534.76,-0.08000000000000007
534.8,-0.08000000000000007
534.84,-0.08000000000000007
534.88,-0.08000000000000007
534.92,-0.08000000000000007
534.96,-0.08000000000000007
535.0,-0.08000000000000007
535.04,0.0
535.08,-0.08000000000000007
535.12,-0.08000000000000007
535.16,-0.08000000000000007
535.2,-0.08000000000000007
535.24,-0.08000000000000007
535.28,-0.08000000000000007
535.32,-0.08000000000000007
535.36,-0.08000000000000007
535.4,-0.08000000000000007
535.44,-0.08000000000000007
535.48,-0.08000000000000007
535.52,0.0
535.5600000000001,-0.08000000000000007
535.6,-0.08000000000000007
535.64,-0.08000000000000007
535.6800000000001,-0.08000000000000007
535.72,0.0
535.76,-0.08000000000000007
535.8,-0.08000000000000007
535.84,-0.08000000000000007
535.88,-0.08000000000000007
535.92,-0.08000000000000007
535.96,-0.08000000000000007
536.0,-0.08000000000000007
536.04,-0.08000000000000007
536.08,-0.08000000000000007
536.12,-0.08000000000000007
536.16,-0.08000000000000007
536.2,-0.08000000000000007
536.24,-0.08000000000000007
536.28,-0.08000000000000007
536.32,-0.08000000000000007
536.36,-0.08000000000000007
536.4,-0.08000000000000007
536.44,-0.08000000000000007
536.48,-0.08000000000000007
536.52,-0.08000000000000007
536.5600000000001,-0.08000000000000007
536.6,-0.08000000000000007
536.64,-0.08000000000000007
536.6800000000001,-0.08000000000000007
536.72,0.0
536.76,-0.08000000000000007
536.8,-0.08000000000000007
536.84,-0.08000000000000007
536.88,-0.08000000000000007
536.92,-0.08000000000000007
536.96,-0.08000000000000007
537.0,-0.08000000000000007
537.04,-0.08000000000000007
537.08,-0.08000000000000007
537.12,-0.08000000000000007
537.16,-0.08000000000000007
537.2,0.0
537.24,-0.08000000000000007
537.28,-0.08000000000000007
537.32,0.0
537.36,-0.08000000000000007
537.4,-0.08000000000000007
537.44,0.0
537.48,-0.08000000000000007
537.52,-0.08000000000000007
537.5600000000001,-0.08000000000000007
537.6,-0.08000000000000007
537.64,-0.08000000000000007
537.6800000000001,-0.08000000000000007
537.72,-0.08000000000000007
537.76,0.0
537.8,-0.08000000000000007
537.84,0.0
537.88,-0.08000000000000007
537.92,-0.08000000000000007
537.96,-0.08000000000000007
538.0,-0.08000000000000007
538.04,-0.08000000000000007
538.08,-0.08000000000000007
538.12,-0.08000000000000007
538.16,-0.08000000000000007
538.2,-0.08000000000000007
538.24,-0.08000000000000007
538.28,-0.08000000000000007
538.32,-0.08000000000000007
538.36,-0.08000000000000007
538.4,-0.08000000000000007
538.44,-0.08000000000000007
538.48,0.0
538.52,-0.08000000000000007
538.5600000000001,-0.08000000000000007
538.6,-0.08000000000000007
538.64,-0.08000000000000007
538.6800000000001,-0.08000000000000007
538.72,-0.08000000000000007
538.76,0.0
538.8,-0.08000000000000007
538.84,0.0
538.88,-0.08000000000000007
538.92,0.0
538.96,0.0
539.0,-0.08000000000000007
539.04,-0.08000000000000007
539.08,0.0
539.12,-0.08000000000000007
539.16,-0.08000000000000007
539.2,-0.08000000000000007
539.24,-0.08000000000000007
539.28,-0.08000000000000007
539.32,0.0
539.36,-0.08000000000000007
539.4,-0.08000000000000007
539.44,-0.08000000000000007
539.48,-0.08000000000000007
539.52,-0.08000000000000007
539.5600000000001,-0.08000000000000007
539.6,0.0
539.64,-0.08000000000000007
539.6800000000001,-0.08000000000000007
539.72,-0.08000000000000007
539.76,0.0
539.8,-0.08000000000000007
539.84,-0.08000000000000007
539.88,-0.08000000000000007
539.92,-0.08000000000000007
539.96,0.0
540.0,-0.08000000000000007
540.04,-0.08000000000000007
540.08,-0.08000000000000007
540.12,-0.08000000000000007
540.16,-0.08000000000000007
540.2,-0.08000000000000007
540.24,0.0
540.28,-0.08000000000000007
540.32,-0.08000000000000007
540.36,0.0
540.4,-0.08000000000000007
540.44,-0.08000000000000007
540.48,0.0
540.52,-0.08000000000000007
540.5600000000001,-0.08000000000000007
540.6,-0.08000000000000007
540.64,-0.08000000000000007
540.6800000000001,-0.08000000000000007
540.72,0.0
540.76,-0.08000000000000007
540.8,-0.08000000000000007
540.84,-0.08000000000000007
540.88,0.0
540.92,-0.08000000000000007
540.96,-0.08000000000000007
541.0,-0.08000000000000007
541.04,-0.08000000000000007
541.08,0.0
541.12,-0.08000000000000007
541.16,-0.08000000000000007
541.2,-0.08000000000000007
541.24,-0.08000000000000007
541.28,-0.08000000000000007
541.32,-0.08000000000000007
541.36,-0.08000000000000007
541.4,-0.08000000000000007
541.44,-0.08000000000000007
541.48,-0.08000000000000007
541.52,0.0
541.5600000000001,-0.08000000000000007
541.6,-0.08000000000000007
541.64,-0.08000000000000007
541.6800000000001,-0.08000000000000007
541.72,-0.08000000000000007
541.76,-0.08000000000000007
541.8,0.0
541.84,-0.08000000000000007
541.88,-0.08000000000000007
541.92,-0.08000000000000007
541.96,-0.08000000000000007
542.0,-0.08000000000000007
542.04,0.0
542.08,-0.08000000000000007
542.12,-0.08000000000000007
542.16,-0.08000000000000007
542.2,-0.08000000000000007
542.24,-0.08000000000000007
542.28,-0.08000000000000007
542.32,-0.08000000000000007
542.36,-0.08000000000000007
542.4,-0.08000000000000007
542.44,-0.08000000000000007
542.48,-0.08000000000000007
542.52,-0.08000000000000007
542.5600000000001,0.0
542.6,-0.08000000000000007
542.64,0.0
542.6800000000001,0.0
542.72,-0.08000000000000007
542.76,-0.08000000000000007
542.8,-0.08000000000000007
542.84,-0.08000000000000007
542.88,-0.08000000000000007
542.92,-0.08000000000000007
542.96,-0.08000000000000007
543.0,-0.08000000000000007
543.04,-0.08000000000000007
543.08,-0.08000000000000007
543.12,-0.08000000000000007
543.16,-0.08000000000000007
543.2,-0.08000000000000007
543.24,0.0
543.28,-0.08000000000000007
543.32,0.0
543.36,-0.08000000000000007
543.4,-0.08000000000000007
543.44,0.0
543.48,-0.08000000000000007
543.52,-0.08000000000000007
543.5600000000001,-0.08000000000000007
543.6,-0.08000000000000007
543.64,0.0
543.6800000000001,-0.08000000000000007
543.72,-0.08000000000000007
543.76,-0.08000000000000007
543.8,0.0
543.84,0.0
543.88,-0.08000000000000007
543.92,-0.08000000000000007
543.96,-0.08000000000000007
544.0,0.0
544.04,-0.08000000000000007
544.08,-0.08000000000000007
544.12,-0.08000000000000007
544.16,-0.08000000000000007
544.2,-0.08000000000000007
544.24,-0.08000000000000007
544.28,-0.08000000000000007
544.32,-0.08000000000000007
544.36,-0.08000000000000007
544.4,-0.08000000000000007
544.44,0.0
544.48,-0.08000000000000007
544.52,0.0
544.5600000000001,-0.08000000000000007
544.6,0.0
544.64,0.0
544.6800000000001,-0.08000000000000007
544.72,-0.08000000000000007
544.76,-0.08000000000000007
544.8,0.0
544.84,-0.08000000000000007
544.88,0.0
544.92,-0.08000000000000007
544.96,-0.08000000000000007
545.0,0.0
545.04,-0.08000000000000007
545.08,0.0
545.12,0.0
545.16,-0.08000000000000007
545.2,-0.08000000000000007
545.24,-0.08000000000000007
545.28,-0.08000000000000007
545.32,-0.08000000000000007
545.36,-0.08000000000000007
545.4,-0.08000000000000007
545.44,-0.08000000000000007
545.48,-0.08000000000000007
545.52,-0.08000000000000007
545.5600000000001,-0.08000000000000007
545.6,-0.08000000000000007
545.64,-0.08000000000000007
545.6800000000001,0.0
545.72,-0.08000000000000007
545.76,0.0
545.8,-0.08000000000000007
545.84,-0.08000000000000007
545.88,-0.08000000000000007
545.92,-0.08000000000000007
545.96,0.0
546.0,-0.08000000000000007
546.04,-0.08000000000000007
546.08,-0.08000000000000007
546.12,0.0
546.16,0.0
546.2,-0.08000000000000007
546.24,-0.08000000000000007
546.28,-0.08000000000000007
546.32,-0.08000000000000007
546.36,-0.08000000000000007
546.4,-0.08000000000000007
546.44,0.0
546.48,-0.08000000000000007
546.52,-0.08000000000000007
546.5600000000001,-0.08000000000000007
546.6,0.0
546.64,-0.08000000000000007
546.6800000000001,-0.08000000000000007
546.72,0.0
546.76,-0.08000000000000007
546.8000000000001,-0.08000000000000007
546.84,-0.08000000000000007
546.88,-0.08000000000000007
546.92,-0.08000000000000007
546.96,-0.08000000000000007
547.0,-0.08000000000000007
547.04,0.0
547.08,-0.08000000000000007
547.12,-0.08000000000000007
547.16,-0.08000000000000007
547.2,-0.08000000000000007
547.24,-0.08000000000000007
547.28,0.0
547.32,-0.08000000000000007
547.36,-0.08000000000000007
547.4,-0.08000000000000007
547.44,-0.08000000000000007
547.48,-0.08000000000000007
547.52,-0.08000000000000007
547.5600000000001,-0.08000000000000007
547.6,-0.08000000000000007
547.64,-0.08000000000000007
547.6800000000001,-0.08000000000000007
547.72,0.0
547.76,-0.08000000000000007
547.8000000000001,-0.08000000000000007
547.84,-0.08000000000000007
547.88,-0.08000000000000007
547.92,-0.08000000000000007
547.96,-0.08000000000000007
548.0,-0.08000000000000007
548.04,-0.08000000000000007
548.08,-0.08000000000000007
548.12,-0.08000000000000007
548.16,-0.08000000000000007
548.2,-0.08000000000000007
548.24,0.0
548.28,-0.08000000000000007
548.32,-0.08000000000000007
548.36,-0.08000000000000007
548.4,-0.08000000000000007
548.44,-0.08000000000000007
548.48,-0.08000000000000007
548.52,-0.08000000000000007
548.5600000000001,-0.08000000000000007
548.6,-0.08000000000000007
548.64,-0.08000000000000007
548.6800000000001,-0.08000000000000007
548.72,-0.08000000000000007
548.76,-0.08000000000000007
548.8000000000001,-0.08000000000000007
548.84,-0.08000000000000007
548.88,-0.08000000000000007
548.92,0.0
548.96,-0.08000000000000007
549.0,-0.08000000000000007
549.04,-0.08000000000000007
549.08,-0.08000000000000007
549.12,-0.08000000000000007
549.16,-0.08000000000000007
549.2,-0.08000000000000007
549.24,-0.08000000000000007
549.28,-0.08000000000000007
549.32,0.0
549.36,-0.08000000000000007
549.4,-0.08000000000000007
549.44,0.0
549.48,-0.08000000000000007
549.52,-0.08000000000000007
549.5600000000001,-0.08000000000000007
549.6,-0.08000000000000007
549.64,0.0
549.6800000000001,-0.08000000000000007
549.72,0.0
549.76,0.0
549.8000000000001,-0.08000000000000007
549.84,-0.08000000000000007
549.88,-0.08000000000000007
549.92,-0.08000000000000007
549.96,-0.08000000000000007
550.0,-0.08000000000000007
550.04,-0.08000000000000007
550.08,-0.08000000000000007
550.12,-0.08000000000000007
550.16,-0.08000000000000007
550.2,-0.08000000000000007
550.24,0.0
550.28,-0.08000000000000007
550.32,-0.08000000000000007
550.36,0.0
550.4,0.0
550.44,-0.08000000000000007
550.48,-0.08000000000000007
550.52,-0.08000000000000007
550.5600000000001,0.0
550.6,-0.08000000000000007
550.64,-0.08000000000000007
550.6800000000001,0.0
550.72,0.0
550.76,-0.08000000000000007
550.8000000000001,-0.08000000000000007
550.84,-0.08000000000000007
550.88,0.0
550.92,-0.08000000000000007
550.96,-0.08000000000000007
551.0,0.0
551.04,-0.08000000000000007
551.08,0.0
551.12,0.0
551.16,-0.08000000000000007
551.2,0.0
551.24,-0.08000000000000007
551.28,-0.08000000000000007
551.32,0.0
551.36,-0.08000000000000007
551.4,-0.08000000000000007
551.44,-0.08000000000000007
551.48,0.0
551.52,0.0
551.5600000000001,-0.08000000000000007
551.6,-0.08000000000000007
551.64,-0.08000000000000007
551.6800000000001,-0.08000000000000007
551.72,-0.08000000000000007
551.76,-0.08000000000000007
551.8000000000001,-0.08000000000000007
551.84,-0.08000000000000007
551.88,-0.08000000000000007
551.92,-0.08000000000000007
551.96,-0.08000000000000007
552.0,0.0
552.04,0.0
552.08,-0.08000000000000007
552.12,-0.08000000000000007
552.16,0.0
552.2,0.0
552.24,-0.08000000000000007
552.28,-0.08000000000000007
552.32,-0.08000000000000007
552.36,-0.08000000000000007
552.4,-0.08000000000000007
552.44,-0.08000000000000007
552.48,-0.08000000000000007
552.52,0.0
552.5600000000001,0.0
552.6,0.0
552.64,-0.08000000000000007
552.6800000000001,0.0
552.72,0.0
552.76,-0.08000000000000007
552.8000000000001,-0.08000000000000007
552.84,0.0
552.88,0.0
552.92,-0.08000000000000007
552.96,-0.08000000000000007
553.0,-0.08000000000000007
553.04,-0.08000000000000007
553.08,-0.08000000000000007
553.12,-0.08000000000000007
553.16,0.0
553.2,0.0
553.24,0.0
553.28,-0.08000000000000007
553.32,-0.08000000000000007
553.36,0.0
553.4,-0.08000000000000007
553.44,-0.08000000000000007
553.48,-0.08000000000000007
553.52,-0.08000000000000007
553.5600000000001,-0.08000000000000007
553.6,-0.08000000000000007
553.64,-0.08000000000000007
553.6800000000001,0.0
553.72,-0.08000000000000007
553.76,0.0
553.8000000000001,-0.08000000000000007
553.84,-0.08000000000000007
553.88,-0.08000000000000007
553.92,0.0
553.96,0.0
554.0,-0.08000000000000007
554.04,-0.08000000000000007
554.08,-0.08000000000000007
554.12,-0.08000000000000007
554.16,-0.08000000000000007
554.2,-0.08000000000000007
554.24,0.0
554.28,-0.08000000000000007
554.32,-0.08000000000000007
554.36,-0.08000000000000007
554.4,-0.08000000000000007
554.44,0.0
554.48,0.0
554.52,-0.08000000000000007
554.5600000000001,-0.08000000000000007
554.6,0.0
554.64,-0.08000000000000007
554.6800000000001,-0.08000000000000007
554.72,-0.08000000000000007
554.76,-0.08000000000000007
554.8000000000001,0.0
554.84,-0.08000000000000007
554.88,-0.08000000000000007
554.92,0.0
554.96,0.0
555.0,-0.08000000000000007
555.04,-0.08000000000000007
555.08,0.0
555.12,0.0
555.16,-0.08000000000000007
555.2,-0.08000000000000007
555.24,0.0
555.28,0.0
555.32,-0.08000000000000007
555.36,-0.08000000000000007
555.4,-0.08000000000000007
555.44,-0.08000000000000007
555.48,0.0
555.52,-0.08000000000000007
555.5600000000001,-0.08000000000000007
555.6,-0.08000000000000007
555.64,0.0
555.6800000000001,-0.08000000000000007
555.72,-0.08000000000000007
555.76,-0.08000000000000007
555.8000000000001,-0.08000000000000007
555.84,0.0
555.88,0.0
555.92,-0.08000000000000007
555.96,-0.08000000000000007
556.0,-0.08000000000000007
556.04,-0.08000000000000007
556.08,-0.08000000000000007
556.12,-0.08000000000000007
556.16,0.0
556.2,0.0
556.24,-0.08000000000000007
556.28,-0.08000000000000007
556.32,-0.08000000000000007
556.36,-0.08000000000000007
556.4,0.0
556.44,0.0
556.48,0.0
556.52,0.0
556.5600000000001,-0.08000000000000007
556.6,0.0
556.64,0.0
556.6800000000001,-0.08000000000000007
556.72,-0.08000000000000007
556.76,-0.08000000000000007
556.8000000000001,-0.08000000000000007
556.84,0.0
556.88,-0.08000000000000007
556.92,0.0
556.96,-0.08000000000000007
557.0,-0.08000000000000007
557.04,0.0
557.08,0.0
557.12,-0.08000000000000007
557.16,-0.08000000000000007
557.2,-0.08000000000000007
557.24,0.0
557.28,-0.08000000000000007
557.32,-0.08000000000000007
557.36,-0.08000000000000007
557.4,-0.08000000000000007
557.44,-0.08000000000000007
557.48,-0.08000000000000007
557.52,-0.08000000000000007
557.5600000000001,0.0
557.6,0.0
557.64,0.0
557.6800000000001,-0.08000000000000007
557.72,-0.08000000000000007
557.76,-0.08000000000000007
557.8000000000001,-0.08000000000000007
557.84,-0.08000000000000007
557.88,0.0
557.92,0.0
557.96,-0.08000000000000007
558.0,-0.08000000000000007
558.04,-0.08000000000000007
558.08,0.0
558.12,-0.08000000000000007
558.16,-0.08000000000000007
558.2,-0.08000000000000007
558.24,0.0
558.28,0.0
558.32,0.0
558.36,0.0
558.4,0.0
558.44,0.0
558.48,-0.08000000000000007
558.52,-0.08000000000000007
558.5600000000001,0.0
558.6,0.0
558.64,0.0
558.6800000000001,0.0
558.72,-0.08000000000000007
558.76,-0.08000000000000007
558.8000000000001,-0.08000000000000007
558.84,-0.08000000000000007
558.88,0.0
558.92,-0.08000000000000007
558.96,-0.08000000000000007
559.0,0.0
559.04,-0.08000000000000007
559.08,-0.08000000000000007
559.12,-0.08000000000000007
559.16,-0.08000000000000007
559.2,0.0
559.24,-0.08000000000000007
559.28,-0.08000000000000007
559.32,-0.08000000000000007
559.36,-0.08000000000000007
559.4,0.0
559.44,-0.08000000000000007
559.48,-0.08000000000000007
559.52,-0.08000000000000007
559.5600000000001,-0.08000000000000007
559.6,0.0
559.64,-0.08000000000000007
559.6800000000001,-0.08000000000000007
559.72,0.0
559.76,-0.08000000000000007
559.8000000000001,-0.08000000000000007
559.84,-0.08000000000000007
559.88,0.0
559.92,-0.08000000000000007
559.96,-0.08000000000000007
560.0,0.0
560.04,0.0
560.08,-0.08000000000000007
560.12,0.0
560.16,0.0
560.2,-0.08000000000000007
560.24,0.0
560.28,0.0
560.32,-0.08000000000000007
560.36,-0.08000000000000007
560.4,-0.08000000000000007
560.44,-0.08000000000000007
560.48,0.0
560.52,0.0
560.5600000000001,0.0
560.6,-0.08000000000000007
560.64,-0.08000000000000007
560.6800000000001,-0.08000000000000007
560.72,0.0
560.76,0.0
560.8000000000001,-0.08000000000000007
560.84,-0.08000000000000007
560.88,0.0
560.92,0.0
560.96,-0.08000000000000007
561.0,-0.08000000000000007
561.04,-0.08000000000000007
561.08,0.0
561.12,0.0
561.16,0.0
561.2,0.0
561.24,-0.08000000000000007
561.28,0.0
561.32,0.0
561.36,-0.08000000000000007
561.4,0.0
561.44,0.0
561.48,-0.08000000000000007
561.52,0.0
561.5600000000001,0.0
561.6,0.0
561.64,-0.08000000000000007
561.6800000000001,0.0
561.72,-0.08000000000000007
561.76,-0.08000000000000007
561.8000000000001,-0.08000000000000007
561.84,0.0
561.88,-0.08000000000000007
561.92,-0.08000000000000007
561.96,-0.08000000000000007
562.0,-0.08000000000000007
562.04,0.0
562.08,-0.08000000000000007
562.12,-0.08000000000000007
562.16,0.0
562.2,0.0
562.24,0.0
562.28,0.0
562.32,-0.08000000000000007
562.36,-0.08000000000000007
562.4,-0.08000000000000007
562.44,0.0
562.48,-0.08000000000000007
562.52,-0.08000000000000007
562.5600000000001,-0.08000000000000007
562.6,-0.08000000000000007
562.64,0.0
562.6800000000001,-0.08000000000000007
562.72,-0.08000000000000007
562.76,0.0
562.8000000000001,-0.08000000000000007
562.84,0.0
562.88,0.0
562.92,0.0
562.96,-0.08000000000000007
563.0,0.0
563.04,-0.08000000000000007
563.08,-0.08000000000000007
563.12,-0.08000000000000007
563.16,-0.08000000000000007
563.2,-0.08000000000000007
563.24,-0.08000000000000007
563.28,0.0
563.32,-0.08000000000000007
563.36,-0.08000000000000007
563.4,-0.08000000000000007
563.44,-0.08000000000000007
563.48,0.0
563.52,-0.08000000000000007
563.5600000000001,0.0
563.6,-0.08000000000000007
563.64,0.0
563.6800000000001,0.0
563.72,-0.08000000000000007
563.76,-0.08000000000000007
563.8000000000001,-0.08000000000000007
563.84,0.0
563.88,0.0
563.92,-0.08000000000000007
563.96,-0.08000000000000007
564.0,0.0
564.04,0.0
564.08,0.0
564.12,-0.08000000000000007
564.16,-0.08000000000000007
564.2,-0.08000000000000007
564.24,-0.08000000000000007
564.28,0.0
564.32,0.0
564.36,0.0
564.4,-0.08000000000000007
564.44,-0.08000000000000007
564.48,-0.08000000000000007
564.52,-0.08000000000000007
564.5600000000001,0.0
564.6,-0.08000000000000007
564.64,-0.08000000000000007
564.6800000000001,-0.08000000000000007
564.72,0.0
564.76,-0.08000000000000007
564.8000000000001,-0.08000000000000007
564.84,-0.08000000000000007
564.88,0.0
564.92,0.0
564.96,-0.08000000000000007
565.0,0.0
565.04,0.0
565.08,-0.08000000000000007
565.12,-0.08000000000000007
565.16,-0.08000000000000007
565.2,-0.08000000000000007
565.24,0.0
565.28,0.0
565.32,-0.08000000000000007
565.36,0.0
565.4,-0.08000000000000007
565.44,-0.08000000000000007
565.48,-0.08000000000000007
565.52,-0.08000000000000007
565.5600000000001,-0.08000000000000007
565.6,-0.08000000000000007
565.64,0.0
565.6800000000001,-0.08000000000000007
565.72,-0.08000000000000007
565.76,0.0
565.8000000000001,0.0
565.84,-0.08000000000000007
565.88,0.0
565.92,0.0
565.96,-0.08000000000000007
566.0,0.0
566.04,0.0
566.08,-0.08000000000000007
566.12,0.0
566.16,-0.08000000000000007
566.2,-0.08000000000000007
566.24,-0.08000000000000007
566.28,0.0
566.32,-0.08000000000000007
566.36,0.0
566.4,-0.08000000000000007
566.44,0.0
566.48,-0.08000000000000007
566.52,-0.08000000000000007
566.5600000000001,0.0
566.6,-0.08000000000000007
566.64,-0.08000000000000007
566.6800000000001,0.0
566.72,-0.08000000000000007
566.76,0.0
566.8000000000001,-0.08000000000000007
566.84,-0.08000000000000007
566.88,0.0
566.92,-0.08000000000000007
566.96,0.0
567.0,0.0
567.04,-0.08000000000000007
567.08,0.0
567.12,0.0
567.16,0.0
567.2,-0.08000000000000007
567.24,-0.08000000000000007
567.28,-0.08000000000000007
567.32,-0.08000000000000007
567.36,0.0
567.4,0.0
567.44,-0.08000000000000007
567.48,-0.08000000000000007
567.52,-0.08000000000000007
567.5600000000001,-0.08000000000000007
567.6,0.0
567.64,-0.08000000000000007
567.6800000000001,0.0
567.72,0.0
567.76,0.0
567.8000000000001,0.0
567.84,-0.08000000000000007
567.88,0.0
567.92,0.0
567.96,-0.08000000000000007
568.0,0.0
568.04,0.0
568.08,-0.08000000000000007
568.12,0.0
568.16,0.0
568.2,0.0
568.24,0.0
568.28,0.0
568.32,0.0
568.36,0.0
568.4,0.0
568.44,0.0
568.48,0.0
568.52,0.0
568.5600000000001,-0.08000000000000007
568.6,0.0
568.64,0.0
568.6800000000001,0.0
568.72,0.0
568.76,0.0
568.8000000000001,0.0
568.84,-0.08000000000000007
568.88,-0.08000000000000007
568.92,0.0
568.96,-0.08000000000000007
569.0,-0.08000000000000007
569.04,-0.08000000000000007
569.08,0.0
569.12,0.0
569.16,-0.08000000000000007
569.2,0.0
569.24,0.0
569.28,-0.08000000000000007
569.32,-0.08000000000000007
569.36,0.0
569.4,-0.08000000000000007
569.44,0.0
569.48,0.0
569.52,0.0
569.5600000000001,0.0
569.6,0.0
569.64,0.0
569.6800000000001,-0.08000000000000007
569.72,-0.08000000000000007
569.76,0.0
569.8000000000001,-0.08000000000000007
569.84,0.0
569.88,0.0
569.92,0.0
569.96,0.0
570.0,0.0
570.04,0.0
570.08,0.0
570.12,-0.08000000000000007
570.16,0.0
570.2,-0.08000000000000007
570.24,0.0
570.28,0.0
570.32,0.0
570.36,-0.08000000000000007
570.4,-0.08000000000000007
570.44,0.0
570.48,-0.08000000000000007
570.52,0.0
570.5600000000001,0.0
570.6,0.0
570.64,-0.08000000000000007
570.6800000000001,0.0
570.72,0.0
570.76,-0.08000000000000007
570.8000000000001,0.0
570.84,0.0
570.88,0.0
570.92,0.0
570.96,-0.08000000000000007
571.0,0.0
571.04,0.0
571.08,0.0
571.12,0.0
571.16,0.0
571.2,0.0
571.24,-0.08000000000000007
571.28,-0.08000000000000007
571.32,-0.08000000000000007
571.36,-0.08000000000000007
571.4,-0.08000000000000007
571.44,0.0
571.48,0.0
571.52,-0.08000000000000007
571.5600000000001,0.0
571.6,0.0
571.64,0.0
571.6800000000001,0.0
571.72,-0.08000000000000007
571.76,-0.08000000000000007
571.8000000000001,0.0
571.84,-0.08000000000000007
571.88,0.0
571.92,0.0
571.96,-0.08000000000000007
572.0,0.0
572.04,0.0
572.08,-0.08000000000000007
572.12,-0.08000000000000007
572.16,-0.08000000000000007
572.2,0.0
572.24,-0.08000000000000007
572.28,0.0
572.32,-0.08000000000000007
572.36,0.0
572.4,-0.08000000000000007
572.44,-0.08000000000000007
572.48,0.0
572.52,0.0
572.5600000000001,-0.08000000000000007
572.6,0.0
572.64,0.0
572.6800000000001,-0.08000000000000007
572.72,-0.08000000000000007
572.76,0.0
572.8000000000001,-0.08000000000000007
572.84,0.0
572.88,-0.08000000000000007
572.92,-0.08000000000000007
572.96,-0.08000000000000007
573.0,-0.08000000000000007
573.04,0.0
573.08,0.0
573.12,0.0
573.16,-0.08000000000000007
573.2,-0.08000000000000007
573.24,0.0
573.28,0.0
573.32,0.0
573.36,0.0
573.4,-0.08000000000000007
573.44,0.0
573.48,-0.08000000000000007
573.52,0.0
573.5600000000001,0.0
573.6,0.0
573.64,0.0
573.6800000000001,0.0
573.72,-0.08000000000000007
573.76,0.0
573.8000000000001,0.0
573.84,-0.08000000000000007
573.88,0.0
573.92,0.0
573.96,0.0
574.0,0.0
574.04,0.0
574.08,0.0
574.12,0.0
574.16,0.0
574.2,0.0
574.24,0.0
574.28,0.0
574.32,-0.08000000000000007
574.36,-0.08000000000000007
574.4,-0.08000000000000007
574.44,-0.08000000000000007
574.48,0.0
574.52,0.0
574.5600000000001,0.0
574.6,0.0
574.64,-0.08000000000000007
574.6800000000001,0.0
574.72,0.0
574.76,0.0
574.8000000000001,0.0
574.84,-0.08000000000000007
574.88,-0.08000000000000007
574.92,-0.08000000000000007
574.96,0.0
575.0,0.0
575.04,0.0
575.08,0.0
575.12,0.0
575.16,0.0
575.2,-0.08000000000000007
575.24,-0.08000000000000007
575.28,0.0
575.32,0.0
575.36,0.0
575.4,0.0
575.44,-0.08000000000000007
575.48,0.0
575.52,0.0
575.5600000000001,0.0
575.6,0.0
575.64,0.0
575.6800000000001,-0.08000000000000007
575.72,-0.08000000000000007
575.76,-0.08000000000000007
575.8000000000001,-0.08000000000000007
575.84,0.0
575.88,0.0
575.92,-0.08000000000000007
575.96,0.0
576.0,0.0
576.04,0.0
576.08,-0.08000000000000007
576.12,0.0
576.16,-0.08000000000000007
576.2,0.0
576.24,0.0
576.28,-0.08000000000000007
576.32,0.0
576.36,-0.08000000000000007
576.4,0.0
576.44,-0.08000000000000007
576.48,0.0
576.52,0.0
576.5600000000001,0.0
576.6,-0.08000000000000007
576.64,0.0
576.6800000000001,0.0
576.72,-0.08000000000000007
576.76,-0.08000000000000007
576.8000000000001,0.0
576.84,0.0
576.88,0.0
576.92,0.0
576.96,0.0
577.0,-0.08000000000000007
577.04,0.0
577.08,0.0
577.12,-0.08000000000000007
577.16,-0.08000000000000007
577.2,0.0
577.24,0.0
577.28,0.0
577.32,0.0
577.36,0.0
577.4,0.0
577.44,0.0
577.48,0.0
577.52,-0.08000000000000007
577.5600000000001,0.0
577.6,0.0
577.64,-0.08000000000000007
577.6800000000001,-0.08000000000000007
577.72,0.0
577.76,0.0
577.8000000000001,0.0
577.84,-0.08000000000000007
577.88,0.0
577.92,-0.08000000000000007
577.96,0.0
578.0,-0.08000000000000007
578.04,-0.08000000000000007
578.08,0.0
578.12,0.0
578.16,-0.08000000000000007
578.2,0.0
578.24,0.0
578.28,-0.08000000000000007
578.32,-0.08000000000000007
578.36,-0.08000000000000007
578.4,0.0
578.44,-0.08000000000000007
578.48,-0.08000000000000007
578.52,0.0
578.5600000000001,-0.08000000000000007
578.6,0.0
578.64,-0.08000000000000007
578.6800000000001,0.0
578.72,0.0
578.76,-0.08000000000000007
578.8000000000001,0.0
578.84,-0.08000000000000007
578.88,0.0
578.92,0.0
578.96,-0.08000000000000007
579.0,0.0
579.04,0.0
579.08,-0.08000000000000007
579.12,-0.08000000000000007
579.16,0.0
579.2,0.0
579.24,-0.08000000000000007
579.28,-0.08000000000000007
579.32,0.0
579.36,-0.08000000000000007
579.4,-0.08000000000000007
579.44,0.0
579.48,-0.08000000000000007
579.52,0.0
579.5600000000001,-0.08000000000000007
579.6,0.0
579.64,0.0
579.6800000000001,0.0
579.72,-0.08000000000000007
579.76,-0.08000000000000007
579.8000000000001,0.0
579.84,0.0
579.88,0.0
579.92,0.0
579.96,0.0
580.0,0.0
580.04,-0.08000000000000007
580.08,0.0
580.12,0.0
580.16,-0.08000000000000007
580.2,0.0
580.24,0.0
580.28,0.0
580.32,-0.08000000000000007
580.36,-0.08000000000000007
580.4,-0.08000000000000007
580.44,0.0
580.48,0.0
580.52,-0.08000000000000007
580.5600000000001,0.0
580.6,-0.08000000000000007
580.64,-0.08000000000000007
580.6800000000001,0.0
580.72,0.0
580.76,0.0
580.8000000000001,-0.08000000000000007
580.84,0.0
580.88,0.0
580.92,-0.08000000000000007
580.96,0.0
581.0,0.0
581.04,0.0
581.08,-0.08000000000000007
581.12,0.0
581.16,0.0
581.2,0.0
581.24,0.0
581.28,0.0
581.32,0.0
581.36,0.0
581.4,-0.08000000000000007
581.44,-0.08000000000000007
581.48,-0.08000000000000007
581.52,0.0
581.5600000000001,-0.08000000000000007
581.6,-0.08000000000000007
581.64,0.0
581.6800000000001,0.0
581.72,0.0
581.76,0.0
581.8000000000001,0.0
581.84,0.0
581.88,-0.08000000000000007
581.92,0.0
581.96,0.0
582.0,0.0
582.04,0.0
582.08,0.0
582.12,0.0
582.16,0.0
582.2,-0.08000000000000007
582.24,0.0
582.28,0.0
582.32,-0.08000000000000007
582.36,0.0
582.4,-0.08000000000000007
582.44,0.0
582.48,0.0
582.52,0.0
582.5600000000001,0.0
582.6,-0.08000000000000007
582.64,-0.08000000000000007
582.6800000000001,0.0
582.72,-0.08000000000000007
582.76,-0.08000000000000007
582.8000000000001,-0.08000000000000007
582.84,0.0
582.88,0.0
582.92,-0.08000000000000007
582.96,-0.08000000000000007
583.0,0.0
583.04,0.0
583.08,0.0
583.12,0.0
583.16,-0.08000000000000007
583.2,0.0
583.24,0.0
583.28,0.0
583.32,0.0
583.36,-0.08000000000000007
583.4,-0.08000000000000007
583.44,0.0
583.48,0.0
583.52,0.0
583.5600000000001,-0.08000000000000007
583.6,-0.08000000000000007
583.64,0.0
583.6800000000001,0.0
583.72,0.0
583.76,-0.08000000000000007
583.8000000000001,-0.08000000000000007
583.84,-0.08000000000000007
583.88,0.0
583.92,-0.08000000000000007
583.96,0.0
584.0,0.0
584.04,-0.08000000000000007
584.08,-0.08000000000000007
584.12,-0.08000000000000007
584.16,-0.08000000000000007
584.2,0.0
584.24,0.0
584.28,0.0
584.32,-0.08000000000000007
584.36,-0.08000000000000007
584.4,0.0
584.44,0.0
584.48,0.0
584.52,0.0
584.5600000000001,-0.08000000000000007
584.6,-0.08000000000000007
584.64,0.0
584.6800000000001,0.0
584.72,-0.08000000000000007
584.76,0.0
584.8000000000001,0.0
584.84,0.0
584.88,0.0
584.92,0.0
584.96,0.0
585.0,0.0
585.04,0.0
585.08,0.0
585.12,0.0
585.16,0.0
585.2,-0.08000000000000007
585.24,-0.08000000000000007
585.28,0.0
585.32,-0.08000000000000007
585.36,0.0
585.4,0.0
585.44,-0.08000000000000007
585.48,-0.08000000000000007
585.52,-0.08000000000000007
585.5600000000001,0.0
585.6,-0.08000000000000007
585.64,0.0
585.6800000000001,-0.08000000000000007
585.72,0.0
585.76,0.0
585.8000000000001,0.0
585.84,0.0
585.88,-0.08000000000000007
585.92,-0.08000000000000007
585.96,0.0
586.0,0.0
586.04,0.0
586.08,-0.08000000000000007
586.12,-0.08000000000000007
586.16,0.0
586.2,0.0
586.24,-0.08000000000000007
586.28,0.0
586.32,0.0
586.36,0.0
586.4,0.0
586.44,-0.08000000000000007
586.48,0.0
586.52,-0.08000000000000007
586.5600000000001,0.0
586.6,0.0
586.64,0.0
586.6800000000001,0.0
586.72,0.0
586.76,0.0
586.8000000000001,-0.08000000000000007
586.84,0.0
586.88,0.0
586.92,0.0
586.96,-0.08000000000000007
587.0,-0.08000000000000007
587.04,0.0
587.08,0.0
587.12,0.0
587.16,0.0
587.2,0.0
587.24,-0.08000000000000007
587.28,-0.08000000000000007
587.32,0.0
587.36,0.0
587.4,-0.08000000000000007
587.44,0.0
587.48,0.0
587.52,-0.08000000000000007
587.5600000000001,0.0
587.6,0.0
587.64,0.0
587.6800000000001,0.0
587.72,0.0
587.76,-0.08000000000000007
587.8000000000001,-0.08000000000000007
587.84,-0.08000000000000007
587.88,0.0
587.92,0.0
587.96,0.0
588.0,0.0
588.04,-0.08000000000000007
588.08,0.0
588.12,-0.08000000000000007
588.16,-0.08000000000000007
588.2,0.0
588.24,0.0
588.28,0.0
588.32,0.0
588.36,0.08000000000000007
588.4,0.0
588.44,-0.08000000000000007
588.48,0.0
588.52,0.0
588.5600000000001,0.0
588.6,0.0
588.64,0.0
588.6800000000001,-0.08000000000000007
588.72,0.0
588.76,0.0
588.8000000000001,-0.08000000000000007
588.84,0.0
588.88,0.0
588.92,0.0
588.96,0.0
589.0,0.0
589.04,0.0
589.08,0.0
589.12,0.0
589.16,0.0
589.2,-0.08000000000000007
589.24,0.0
589.28,-0.08000000000000007
589.32,0.0
589.36,0.0
589.4,0.0
589.44,-0.08000000000000007
589.48,0.0
589.52,0.0
589.5600000000001,0.0
589.6,0.0
589.64,0.0
589.6800000000001,0.0
589.72,0.0
589.76,0.0
589.8000000000001,-0.08000000000000007
589.84,0.0
589.88,0.0
589.92,-0.08000000000000007
589.96,0.0
590.0,0.0
590.04,0.0
590.08,-0.08000000000000007
590.12,-0.08000000000000007
590.16,0.0
590.2,-0.08000000000000007
590.24,0.0
590.28,0.0
590.32,0.0
590.36,0.0
590.4,0.0
590.44,0.0
590.48,0.0
590.52,-0.08000000000000007
590.5600000000001,0.0
590.6,0.0
590.64,-0.08000000000000007
590.6800000000001,0.0
590.72,0.0
590.76,0.0
590.8000000000001,0.0
590.84,-0.08000000000000007
590.88,0.0
590.92,0.0
590.96,0.0
591.0,-0.08000000000000007
591.04,0.0
591.08,-0.08000000000000007
591.12,0.0
591.16,0.0
591.2,0.0
591.24,-0.08000000000000007
591.28,0.0
591.32,0.0
591.36,0.0
591.4,0.0
591.44,-0.08000000000000007
591.48,0.0
591.52,0.0
591.5600000000001,0.0
591.6,-0.08000000000000007
591.64,-0.08000000000000007
591.6800000000001,0.0
591.72,-0.08000000000000007
591.76,-0.08000000000000007
591.8000000000001,0.0
591.84,-0.08000000000000007
591.88,0.0
591.92,-0.08000000000000007
591.96,0.0
592.0,0.0
592.04,0.0
592.08,0.0
592.12,0.0
592.16,0.0
592.2,-0.08000000000000007
592.24,-0.08000000000000007
592.28,0.0
592.32,0.0
592.36,0.0
592.4,0.0
592.44,0.0
592.48,0.0
592.52,0.0
592.5600000000001,-0.08000000000000007
592.6,0.0
592.64,0.0
592.6800000000001,0.0
592.72,0.0
592.76,-0.08000000000000007
592.8000000000001,0.0
592.84,0.0
592.88,0.0
592.92,0.0
592.96,-0.08000000000000007
593.0,0.0
593.04,-0.08000000000000007
593.08,-0.08000000000000007
593.12,0.0
593.16,0.0
593.2,0.0
593.24,0.0
593.28,0.0
593.32,0.0
593.36,0.0
593.4,-0.08000000000000007
593.44,0.0
593.48,-0.08000000000000007
593.52,0.0
593.5600000000001,0.0
593.6,-0.08000000000000007
593.64,0.0
593.6800000000001,0.0
593.72,0.0
593.76,0.0
593.8000000000001,0.0
593.84,0.0
593.88,0.0
593.92,0.0
593.96,0.0
594.0,0.0
594.04,0.0
594.08,0.0
594.12,0.0
594.16,0.0
594.2,0.0
594.24,0.0
594.28,0.0
594.32,0.0
594.36,0.0
594.4,-0.08000000000000007
594.44,0.0
594.48,0.0
594.52,0.0
594.5600000000001,0.0
594.6,0.0
594.64,0.0
594.6800000000001,0.0
594.72,0.0
594.76,0.0
594.8000000000001,0.0
594.84,-0.08000000000000007
594.88,0.0
594.92,0.0
594.96,0.0
595.0,0.0
595.04,0.0
595.08,0.0
595.12,-0.08000000000000007
595.16,0.0
595.2,-0.08000000000000007
595.24,0.0
595.28,0.0
595.32,0.0
595.36,0.0
595.4,-0.08000000000000007
595.44,0.0
595.48,-0.08000000000000007
595.52,0.0
595.5600000000001,0.0
595.6,0.0
595.64,0.0
595.6800000000001,0.0
595.72,0.0
595.76,0.0
595.8000000000001,-0.08000000000000007
595.84,0.0
595.88,-0.08000000000000007
595.92,0.0
595.96,-0.08000000000000007
596.0,0.0
596.04,-0.08000000000000007
596.08,0.0
596.12,0.0
596.16,0.0
596.2,0.0
596.24,-0.08000000000000007
596.28,0.0
596.32,0.0
596.36,-0.08000000000000007
596.4,0.0
596.44,0.0
596.48,0.0
596.52,-0.08000000000000007
596.5600000000001,-0.08000000000000007
596.6,0.0
596.64,0.0
596.6800000000001,-0.08000000000000007
596.72,0.0
596.76,-0.08000000000000007
596.8000000000001,0.0
596.84,0.0
596.88,0.0
596.92,0.0
596.96,0.0
597.0,0.0
597.04,0.0
597.08,0.0
597.12,-0.08000000000000007
597.16,0.0
597.2,0.0
597.24,0.0
597.28,0.0
597.32,0.0
597.36,0.0
597.4,0.0
597.44,0.0
597.48,0.0
597.52,0.0
597.5600000000001,0.0
597.6,0.0
597.64,0.0
597.6800000000001,-0.08000000000000007
597.72,0.0
597.76,0.0
597.8000000000001,0.0
597.84,0.0
597.88,0.0
597.92,-0.08000000000000007
597.96,0.0
598.0,-0.08000000000000007
598.04,0.0
598.08,-0.08000000000000007
598.12,0.0
598.16,0.0
598.2,0.0
598.24,0.0
598.28,0.0
598.32,0.0
598.36,0.0
598.4,0.0
598.44,0.0
598.48,0.0
598.52,0.0
598.5600000000001,0.0
598.6,0.0
598.64,-0.08000000000000007
598.6800000000001,0.0
598.72,0.0
598.76,0.0
598.8000000000001,0.0
598.84,0.0
598.88,-0.08000000000000007
598.92,0.0
598.96,0.0
599.0,0.0
599.04,0.0
599.08,0.0
599.12,0.0
599.16,0.0
599.2,-0.08000000000000007
599.24,0.0
599.28,0.0
599.32,0.0
599.36,0.0
599.4,0.0
599.44,0.0
599.48,0.0
599.52,0.0
599.5600000000001,0.0
599.6,0.0
599.64,0.0
599.6800000000001,0.0
599.72,0.0
599.76,0.0
599.8000000000001,0.0
599.84,0.0
599.88,0.0
599.92,0.0
599.96,0.0
600.0,0.0
600.04,0.0
600.08,0.0
600.12,0.0
600.16,0.0
600.2,-0.08000000000000007
600.24,0.0
600.28,0.0
600.32,-0.08000000000000007
600.36,-0.08000000000000007
600.4,0.0
600.44,0.0
600.48,0.0
600.52,0.0
600.5600000000001,0.0
600.6,0.0
600.64,0.0
600.6800000000001,0.0
600.72,0.0
600.76,0.0
600.8000000000001,-0.08000000000000007
600.84,0.0
600.88,0.0
600.92,0.0
600.96,0.0
601.0,0.0
601.04,0.0
601.08,0.0
601.12,0.0
601.16,0.0
601.2,0.0
601.24,0.0
601.28,0.0
601.32,0.0
601.36,0.0
601.4,0.0
601.44,0.0
601.48,0.0
601.52,0.0
601.5600000000001,0.0
601.6,0.0
601.64,0.0
601.6800000000001,0.0
601.72,0.0
601.76,0.0
601.8000000000001,0.0
601.84,0.0
601.88,0.0
601.92,0.0
601.96,0.0
602.0,0.0
602.04,0.0
602.08,0.0
602.12,-0.08000000000000007
602.16,-0.08000000000000007
602.2,0.0
602.24,-0.08000000000000007
602.28,0.0
602.32,0.0
602.36,0.0
602.4,0.0
602.44,-0.08000000000000007
602.48,0.0
602.52,0.0
602.5600000000001,0.0
602.6,0.0
602.64,0.0
602.6800000000001,0.0
602.72,0.0
602.76,0.0
602.8000000000001,0.0
602.84,0.0
602.88,0.0
602.92,0.0
602.96,0.0
603.0,-0.08000000000000007
603.04,0.0
603.08,0.0
603.12,0.0
603.16,0.0
603.2,0.0
603.24,0.0
603.28,0.0
603.32,0.0
603.36,0.0
603.4,0.0
603.44,0.0
603.48,-0.08000000000000007
603.52,0.0
603.5600000000001,0.0
603.6,-0.08000000000000007
603.64,0.0
603.6800000000001,0.0
603.72,0.0
603.76,-0.08000000000000007
603.8000000000001,0.0
603.84,0.0
603.88,0.0
603.92,0.0
603.96,0.0
604.0,0.0
604.04,0.0
604.08,0.0
604.12,0.0
604.16,0.0
604.2,0.0
604.24,0.0
604.28,0.0
604.32,0.0
604.36,0.0
604.4,0.0
604.44,0.0
604.48,0.0
604.52,-0.08000000000000007
604.5600000000001,-0.08000000000000007
604.6,-0.08000000000000007
604.64,0.0
604.6800000000001,0.0
604.72,0.0
604.76,-0.08000000000000007
604.8000000000001,0.0
604.84,0.0
604.88,0.0
604.92,0.0
604.96,0.0
605.0,0.0
605.04,-0.08000000000000007
605.08,0.0
605.12,0.0
605.16,0.0
605.2,-0.08000000000000007
605.24,0.0
605.28,0.0
605.32,0.0
605.36,0.0
605.4,-0.08000000000000007
605.44,0.0
605.48,0.0
605.52,0.0
605.5600000000001,0.0
605.6,0.0
605.64,0.0
605.6800000000001,0.0
605.72,0.0
605.76,0.0
605.8000000000001,0.0
605.84,0.0
605.88,-0.08000000000000007
605.92,0.0
605.96,0.0
606.0,-0.08000000000000007
606.04,-0.08000000000000007
606.08,0.0
606.12,0.0
606.16,0.0
606.2,0.0
606.24,0.0
606.28,-0.08000000000000007
606.32,0.0
606.36,0.0
606.4,0.0
606.44,0.0
606.48,0.0
606.52,0.0
606.5600000000001,0.0
606.6,0.0
606.64,0.0
606.6800000000001,0.0
606.72,0.0
606.76,-0.08000000000000007
606.8000000000001,0.0
606.84,-0.08000000000000007
606.88,0.0
606.92,0.0
606.96,0.0
607.0,0.0
607.04,-0.08000000000000007
607.08,0.0
607.12,0.0
607.16,0.0
607.2,0.0
607.24,0.0
607.28,0.0
607.32,0.0
607.36,0.0
607.4,0.0
607.44,0.0
607.48,0.0
607.52,0.0
607.5600000000001,0.0
607.6,0.0
607.64,0.0
607.6800000000001,0.0
607.72,0.0
607.76,0.0
607.8000000000001,0.0
607.84,0.0
607.88,0.0
607.92,0.0
607.96,0.0
608.0,0.0
608.04,0.0
608.08,0.0
608.12,0.0
608.16,0.0
608.2,0.0
608.24,0.0
608.28,-0.08000000000000007
608.32,0.0
608.36,0.0
608.4,0.0
608.44,0.0
608.48,0.0
608.52,-0.08000000000000007
608.5600000000001,0.0
608.6,0.0
608.64,0.0
608.6800000000001,0.0
608.72,0.0
608.76,0.0
608.8000000000001,0.0
608.84,0.0
608.88,0.0
608.92,0.0
608.96,0.0
609.0,0.0
609.04,0.0
609.08,0.0
609.12,0.0
609.16,0.0
609.2,0.0
609.24,0.0
609.28,0.0
609.32,0.0
609.36,0.0
609.4,0.0
609.44,0.0
609.48,0.0
609.52,0.0
609.5600000000001,0.0
609.6,0.0
609.64,-0.08000000000000007
609.6800000000001,0.0
609.72,0.0
609.76,-0.08000000000000007
609.8000000000001,0.0
609.84,0.0
609.88,-0.08000000000000007
609.92,0.0
609.96,0.0
610.0,0.0
610.04,0.0
610.08,0.0
610.12,0.0
610.16,0.0
610.2,0.0
610.24,0.0
610.28,0.0
610.32,0.0
610.36,0.0
610.4,0.0
610.44,0.0
610.48,-0.08000000000000007
610.52,0.0
610.5600000000001,0.0
610.6,0.0
610.64,0.0
610.6800000000001,0.0
610.72,0.0
610.76,0.0
610.8000000000001,0.0
610.84,0.0
610.88,0.0
610.92,0.0
610.96,0.0
611.0,0.0
611.04,0.0
611.08,0.0
611.12,0.0
611.16,0.0
611.2,0.0
611.24,0.0
611.28,0.0
611.32,0.0
611.36,0.0
611.4,0.0
611.44,0.0
611.48,0.0
611.52,0.0
611.5600000000001,0.0
611.6,0.0
611.64,0.0
611.6800000000001,0.0
611.72,0.0
611.76,0.0
611.8000000000001,0.0
611.84,0.0
611.88,0.0
611.92,0.0
611.96,0.0
612.0,0.0
612.04,0.0
612.08,0.0
612.12,0.0
612.16,0.0
612.2,0.0
612.24,0.0
612.28,0.0
612.32,0.0
612.36,0.0
612.4,0.0
612.44,0.0
612.48,0.0
612.52,0.0
612.5600000000001,0.0
612.6,0.0
612.64,0.0
612.6800000000001,0.0
612.72,0.0
612.76,0.0
612.8000000000001,0.0
612.84,0.0
612.88,0.0
612.92,0.0
612.96,0.0
613.0,0.0
613.04,0.0
613.08,0.0
613.12,0.0
613.16,-0.08000000000000007
613.2,0.0
613.24,0.0
613.28,-0.08000000000000007
613.32,0.0
613.36,0.0
613.4,0.0
613.44,0.0
613.48,0.0
613.52,0.0
613.5600000000001,0.0
613.6,0.0
613.64,-0.08000000000000007
613.6800000000001,0.0
613.72,0.0
613.76,0.0
613.8000000000001,0.0
613.84,0.0
613.88,0.0
613.92,0.0
613.96,-0.08000000000000007
614.0,-0.08000000000000007
614.04,0.0
614.08,-0.08000000000000007
614.12,0.0
614.16,0.0
614.2,0.0
614.24,0.0
614.28,0.0
614.32,0.0
614.36,0.0
614.4,0.0
614.44,0.0
614.48,0.0
614.52,0.0
614.5600000000001,0.0
614.6,0.0
614.64,0.0
614.6800000000001,0.0
614.72,0.0
614.76,0.0
614.8000000000001,0.0
614.84,0.0
614.88,0.0
614.92,0.0
614.96,0.0
615.0,0.0
615.04,0.0
615.08,0.0
615.12,0.0
615.16,0.0
615.2,0.0
615.24,0.0
615.28,0.0
615.32,0.0
615.36,0.0
615.4,0.0
615.44,0.0
615.48,0.0
615.52,0.0
615.5600000000001,0.0
615.6,0.0
615.64,0.0
615.6800000000001,0.0
615.72,0.0
615.76,0.0
615.8000000000001,0.0
615.84,0.0
615.88,0.0
615.92,0.0
615.96,0.0
616.0,0.0
616.04,0.0
616.08,0.0
616.12,0.0
616.16,-0.08000000000000007
616.2,0.0
616.24,0.0
616.28,0.0
616.32,0.0
616.36,-0.08000000000000007
616.4,0.0
616.44,0.0
616.48,0.0
616.52,0.0
616.5600000000001,0.0
616.6,0.0
616.64,0.0
616.6800000000001,0.0
616.72,0.0
616.76,0.0
616.8000000000001,0.0
616.84,0.0
616.88,0.0
616.92,0.0
616.96,0.0
617.0,0.0
617.04,-0.08000000000000007
617.08,0.0
617.12,0.0
617.16,0.0
617.2,0.0
617.24,0.0
617.28,0.0
617.32,-0.08000000000000007
617.36,0.0
617.4,0.0
617.44,0.0
617.48,0.0
617.52,0.0
617.5600000000001,0.0
617.6,0.0
617.64,0.0
617.6800000000001,0.0
617.72,0.0
617.76,0.0
617.8000000000001,0.0
617.84,0.0
617.88,0.0
617.92,0.0
617.96,0.0
618.0,0.0
618.04,0.0
618.08,0.0
618.12,0.0
618.16,0.0
618.2,0.0
618.24,0.0
618.28,0.0
618.32,0.0
618.36,0.0
618.4,0.0
618.44,0.0
618.48,0.0
618.52,0.0
618.5600000000001,0.0
618.6,0.0
618.64,0.0
618.6800000000001,-0.08000000000000007
618.72,0.0
618.76,0.0
618.8000000000001,0.0
618.84,0.0
618.88,0.0
618.92,0.0
618.96,0.0
619.0,0.0
619.04,0.0
619.08,-0.08000000000000007
619.12,0.0
619.16,0.0
619.2,0.0
619.24,0.0
619.28,0.0
619.32,0.0
619.36,0.0
619.4,0.0
619.44,0.0
619.48,0.0
619.52,0.0
619.5600000000001,0.0
619.6,0.0
619.64,-0.08000000000000007
619.6800000000001,0.0
619.72,0.0
619.76,0.0
619.8000000000001,0.0
619.84,0.0
619.88,0.0
619.92,0.0
619.96,0.0
620.0,0.0
620.04,0.0
620.08,0.0
620.12,-0.08000000000000007
620.16,0.0
620.2,0.0
620.24,0.0
620.28,0.0
620.32,0.0
620.36,0.0
620.4,0.0
620.44,0.0
620.48,0.0
620.52,0.0
620.5600000000001,0.0
620.6,0.0
620.64,0.0
620.6800000000001,-0.08000000000000007
620.72,0.0
620.76,0.0
620.8000000000001,0.0
620.84,0.0
620.88,0.0
620.92,0.0
620.96,0.0
621.0,0.0
621.04,0.0
621.08,0.0
621.12,0.0
621.16,0.0
621.2,0.0
621.24,0.0
621.28,0.0
621.32,0.0
621.36,0.0
621.4,0.0
621.44,0.0
621.48,0.0
621.52,0.0
621.5600000000001,0.0
621.6,0.0
621.64,-0.08000000000000007
621.6800000000001,0.0
621.72,0.0
621.76,0.0
621.8000000000001,0.0
621.84,0.0
621.88,-0.08000000000000007
621.92,0.0
621.96,0.0
622.0,0.0
622.04,0.0
622.08,0.0
622.12,0.0
622.16,0.0
622.2,0.08000000000000007
622.24,0.0
622.28,0.0
622.32,0.0
622.36,0.0
622.4,-0.08000000000000007
622.44,0.0
622.48,0.0
622.52,-0.08000000000000007
622.5600000000001,0.0
622.6,0.0
622.64,0.0
622.6800000000001,0.0
622.72,0.0
622.76,0.0
622.8000000000001,0.0
622.84,0.0
622.88,0.0
622.92,0.0
622.96,0.0
623.0,0.0
623.04,0.0
623.08,0.0
623.12,0.0
623.16,0.0
623.2,0.0
623.24,0.0
623.28,0.0
623.32,0.0
623.36,0.0
623.4,0.0
623.44,0.0
623.48,0.0
623.52,0.0
623.5600000000001,0.0
623.6,0.0
623.64,0.0
623.6800000000001,0.0
623.72,0.0
623.76,-0.08000000000000007
623.8000000000001,0.0
623.84,0.0
623.88,0.0
623.92,0.0
623.96,0.0
624.0,0.0
624.04,0.0
624.08,0.0
624.12,0.0
624.16,0.0
624.2,0.0
624.24,0.0
624.28,0.0
624.32,0.0
624.36,0.0
624.4,0.0
624.44,0.0
624.48,0.0
624.52,0.0
624.5600000000001,0.0
624.6,0.0
624.64,0.0
624.6800000000001,0.0
624.72,0.0
624.76,0.0
624.8000000000001,0.0
624.84,0.0
624.88,0.0
624.92,0.0
624.96,0.0
625.0,0.0
625.04,0.0
625.08,0.0
625.12,0.0
625.16,0.0
625.2,0.0
625.24,0.0
625.28,0.0
625.32,0.0
625.36,0.0
625.4,0.0
625.44,0.0
625.48,0.0
625.52,0.0
625.5600000000001,0.0
625.6,0.0
625.64,0.0
625.6800000000001,0.08000000000000007
625.72,0.0
625.76,0.0
625.8000000000001,0.0
625.84,0.0
625.88,0.0
625.92,0.0
625.96,0.0
626.0,0.0
626.04,0.0
626.08,0.0
626.12,0.0
626.16,0.0
626.2,0.0
626.24,0.0
626.28,0.0
626.32,0.0
626.36,0.0
626.4,0.0
626.44,0.0
626.48,-0.08000000000000007
626.52,0.0
626.5600000000001,-0.08000000000000007
626.6,0.0
626.64,0.0
626.6800000000001,0.0
626.72,0.0
626.76,0.0
626.8000000000001,0.0
626.84,-0.08000000000000007
626.88,0.0
626.92,0.0
626.96,0.0
627.0,0.0
627.04,0.0
627.08,0.0
627.12,0.0
627.16,0.0
627.2,0.0
627.24,-0.08000000000000007
627.28,0.0
627.32,0.0
627.36,0.0
627.4,0.0
627.44,0.0
627.48,0.0
627.52,0.0
627.5600000000001,-0.08000000000000007
627.6,0.0
627.64,0.0
627.6800000000001,0.0
627.72,0.0
627.76,0.0
627.8000000000001,0.0
627.84,-0.08000000000000007
627.88,0.0
627.92,0.0
627.96,0.0
628.0,0.0
628.04,0.0
628.08,0.0
628.12,0.0
628.16,0.0
628.2,0.0
628.24,0.0
628.28,0.0
628.32,0.0
628.36,0.0
628.4,0.0
628.44,0.0
628.48,0.0
628.52,0.0
628.5600000000001,-0.08000000000000007
628.6,0.0
628.64,0.0
628.6800000000001,0.0
628.72,0.0
628.76,0.0
628.8000000000001,0.0
628.84,0.0
628.88,0.0
628.92,0.0
628.96,0.0
629.0,0.0
629.04,0.0
629.08,-0.08000000000000007
629.12,0.0
629.16,0.0
629.2,0.0
629.24,0.0
629.28,0.0
629.32,0.0
629.36,0.0
629.4,0.0
629.44,0.0
629.48,0.0
629.52,0.0
629.5600000000001,0.0
629.6,0.0
629.64,0.0
629.6800000000001,0.0
629.72,0.0
629.76,0.0
629.8000000000001,0.0
629.84,0.0
629.88,0.0
629.92,0.0
629.96,0.0
630.0,0.0
630.04,0.0
630.08,0.0
630.12,0.0
630.16,0.0
630.2,0.0
630.24,0.0
630.28,0.0
630.32,0.0
630.36,0.0
630.4,0.0
630.44,0.0
630.48,-0.08000000000000007
630.52,0.0
630.5600000000001,0.0
630.6,0.0
630.64,0.0
630.6800000000001,0.0
630.72,0.0
630.76,0.0
630.8000000000001,0.0
630.84,0.0
630.88,0.0
630.92,0.0
630.96,0.0
631.0,0.0
631.04,0.0
631.08,0.0
631.12,0.0
631.16,0.0
631.2,0.0
631.24,0.0
631.28,0.0
631.32,0.0
631.36,0.0
631.4,0.0
631.44,0.0
631.48,0.0
631.52,-0.08000000000000007
631.5600000000001,0.0
631.6,0.0
631.64,0.0
631.6800000000001,0.0
631.72,0.0
631.76,0.0
631.8000000000001,0.0
631.84,0.0
631.88,0.0
631.92,0.0
631.96,-0.08000000000000007
632.0,0.0
632.04,0.0
632.08,0.0
632.12,0.0
632.16,0.0
632.2,0.0
632.24,0.0
632.28,0.0
632.32,0.0
632.36,0.0
632.4,0.0
632.44,0.0
632.48,0.0
632.52,0.0
632.5600000000001,0.0
632.6,0.0
632.64,0.0
632.6800000000001,0.0
632.72,0.0
632.76,0.0
632.8000000000001,0.0
632.84,0.0
632.88,0.0
632.92,0.0
632.96,0.0
633.0,0.0
633.04,0.0
633.08,0.0
633.12,0.0
633.16,0.0
633.2,0.0
633.24,0.0
633.28,0.0
633.32,0.0
633.36,0.0
633.4,0.0
633.44,0.0
633.48,0.0
633.52,0.0
633.5600000000001,0.0
633.6,0.0
633.64,0.0
633.6800000000001,0.0
633.72,0.0
633.76,0.0
633.8000000000001,0.0
633.84,0.0
633.88,0.0
633.92,0.0
633.96,0.0
634.0,-0.08000000000000007
634.04,0.0
634.08,0.0
634.12,0.0
634.16,0.0
634.2,0.0
634.24,0.0
634.28,0.0
634.32,0.0
634.36,0.0
634.4,0.0
634.44,0.0
634.48,-0.08000000000000007
634.52,0.0
634.5600000000001,0.0
634.6,0.08000000000000007
634.64,0.0
634.6800000000001,-0.08000000000000007
634.72,0.0
634.76,0.0
634.8000000000001,0.0
634.84,0.0
634.88,0.0
634.92,0.0
634.96,0.0
635.0,0.0
635.04,0.0
635.08,0.0
635.12,-0.08000000000000007
635.16,0.0
635.2,0.0
635.24,0.0
635.28,0.0
635.32,0.0
635.36,0.0
635.4,-0.08000000000000007
635.44,0.0
635.48,0.0
635.52,0.0
635.5600000000001,0.0
635.6,0.0
635.64,0.0
635.6800000000001,0.0
635.72,0.0
635.76,0.0
635.8000000000001,0.0
635.84,0.0
635.88,0.0
635.92,0.0
635.96,0.0
636.0,0.0
636.04,0.0
636.08,0.0
636.12,0.0
636.16,0.0
636.2,0.0
636.24,0.0
636.28,0.0
636.32,0.0
636.36,0.0
636.4,0.0
636.44,0.0
636.48,0.0
636.52,0.0
636.5600000000001,0.0
636.6,0.0
636.64,0.0
636.6800000000001,0.0
636.72,0.0
636.76,0.0
636.8000000000001,0.0
636.84,0.0
636.88,0.0
636.92,0.0
636.96,0.0
637.0,0.0
637.04,0.0
637.08,0.0
637.12,0.0
637.16,0.0
637.2,0.0
637.24,0.0
637.28,0.0
637.32,0.0
637.36,0.0
637.4,0.0
637.44,0.0
637.48,0.0
637.52,0.0
637.5600000000001,0.0
637.6,0.0
637.64,0.08000000000000007
637.6800000000001,0.0
637.72,0.0
637.76,0.0
637.8000000000001,0.0
637.84,0.0
637.88,0.0
637.92,0.0
637.96,0.0
638.0,0.0
638.04,0.0
638.08,0.0
638.12,0.0
638.16,0.0
638.2,0.0
638.24,0.0
638.28,0.0
638.32,0.0
638.36,0.0
638.4,0.0
638.44,0.0
638.48,0.08000000000000007
638.52,0.0
638.5600000000001,0.0
638.6,0.0
638.64,0.0
638.6800000000001,0.0
638.72,0.0
638.76,0.0
638.8000000000001,0.0
638.84,0.0
638.88,0.0
638.92,0.0
638.96,0.0
639.0,0.0
639.04,0.0
639.08,0.0
639.12,0.0
639.16,0.0
639.2,0.0
639.24,0.0
639.28,0.08000000000000007
639.32,0.0
639.36,0.0
639.4,0.0
639.44,0.0
639.48,0.0
639.52,0.0
639.5600000000001,-0.08000000000000007
639.6,0.0
639.64,0.0
639.6800000000001,0.0
639.72,0.0
639.76,0.0
639.8000000000001,0.0
639.84,0.0
639.88,0.0
639.92,0.0
639.96,0.0
640.0,0.0
640.04,0.0
640.08,0.0
640.12,0.0
640.16,0.0
640.2,0.0
640.24,0.0
640.28,0.0
640.32,0.0
640.36,0.0
640.4,0.0
640.44,0.0
640.48,0.0
640.52,0.0
640.5600000000001,0.0
640.6,0.0
640.64,0.0
640.6800000000001,0.0
640.72,0.0
640.76,0.0
640.8000000000001,0.0
640.84,0.0
640.88,0.0
640.92,0.0
640.96,0.0
641.0,0.0
641.04,0.0
641.08,0.0
641.12,0.0
641.16,0.0
641.2,0.0
641.24,0.0
641.28,0.0
641.32,0.0
641.36,0.0
641.4,0.0
641.44,0.0
641.48,0.0
641.52,0.0
641.5600000000001,0.0
641.6,0.0
641.64,0.0
641.6800000000001,0.0
641.72,0.0
641.76,0.0
641.8000000000001,0.0
641.84,0.0
641.88,0.0
641.92,0.0
641.96,0.0
642.0,0.0
642.04,0.0
642.08,0.0
642.12,0.0
642.16,0.0
642.2,0.0
642.24,0.0
642.28,0.0
642.32,0.0
642.36,0.0
642.4,0.0
642.44,0.0
642.48,0.0
642.52,0.0
642.5600000000001,0.0
642.6,0.0
642.64,0.0
642.6800000000001,0.0
642.72,0.0
642.76,0.0
642.8000000000001,0.0
642.84,0.0
642.88,0.0
642.92,0.0
642.96,0.0
643.0,0.0
643.04,0.0
643.08,0.0
643.12,0.0
643.16,0.0
643.2,0.0
643.24,0.0
643.28,0.0
643.32,0.0
643.36,0.0
643.4,0.0
643.44,0.0
643.48,0.0
643.52,0.0
643.5600000000001,0.0
643.6,0.0
643.64,0.0
643.6800000000001,0.0
643.72,0.0
643.76,0.0
643.8000000000001,0.0
643.84,0.0
643.88,0.0
643.92,0.0
643.96,0.0
644.0,0.0
644.04,0.0
644.08,0.0
644.12,0.0
644.16,0.08000000000000007
644.2,0.08000000000000007
644.24,0.0
644.28,0.0
644.32,0.0
644.36,0.0
644.4,0.0
644.44,0.0
644.48,0.0
644.52,0.0
644.5600000000001,0.0
644.6,0.0
644.64,0.0
644.6800000000001,0.0
644.72,0.0
644.76,0.0
644.8000000000001,0.0
644.84,0.0
644.88,0.0
644.92,0.0
644.96,0.0
645.0,0.0
645.04,0.0
645.08,0.0
645.12,0.0
645.16,0.0
645.2,0.0
645.24,0.0
645.28,0.0
645.32,0.0
645.36,0.0
645.4,0.0
645.44,0.0
645.48,0.0
645.52,0.0
645.5600000000001,0.0
645.6,0.0
645.64,0.0
645.6800000000001,0.0
645.72,0.0
645.76,0.0
645.8000000000001,0.0
645.84,0.0
645.88,0.0
645.92,0.0
645.96,0.0
646.0,0.0
646.04,0.0
646.08,0.0
646.12,0.0
646.16,0.0
646.2,0.0
646.24,0.0
646.28,0.0
646.32,0.0
646.36,0.0
646.4,0.0
646.44,0.0
646.48,0.0
646.52,0.0
646.5600000000001,0.0
646.6,0.0
646.64,0.0
646.6800000000001,0.0
646.72,0.0
646.76,0.0
646.8000000000001,0.0
646.84,0.0
646.88,0.0
646.92,0.0
646.96,0.0
647.0,0.0
647.04,0.0
647.08,0.0
647.12,-0.08000000000000007
647.16,0.0
647.2,0.0
647.24,0.0
647.28,0.0
647.32,0.0
647.36,0.0
647.4,0.0
647.44,0.0
647.48,0.0
647.52,0.0
647.5600000000001,0.0
647.6,0.0
647.64,0.0
647.6800000000001,0.08000000000000007
647.72,0.0
647.76,0.0
647.8000000000001,0.0
647.84,0.0
647.88,0.0
647.92,0.0
647.96,0.0
648.0,0.0
648.04,0.0
648.08,0.0
648.12,0.0
648.16,0.0
648.2,0.0
648.24,0.0
648.28,0.0
648.32,0.0
648.36,0.0
648.4,0.0
648.44,0.0
648.48,0.0
648.52,0.0
648.5600000000001,0.0
648.6,0.0
648.64,0.0
648.6800000000001,0.0
648.72,0.0
648.76,0.0
648.8000000000001,0.0
648.84,0.0
648.88,0.0
648.92,0.0
648.96,0.0
649.0,0.0
649.04,0.0
649.08,0.0
649.12,0.0
649.16,0.0
649.2,0.0
649.24,0.08000000000000007
649.28,0.0
649.32,0.0
649.36,0.0
649.4,0.0
649.44,0.0
649.48,0.0
649.52,0.0
649.5600000000001,0.0
649.6,0.0
649.64,0.0
649.6800000000001,0.0
649.72,0.0
649.76,0.0
649.8000000000001,0.0
649.84,0.0
649.88,0.0
649.92,0.0
649.96,0.0
650.0,0.0
650.04,0.0
650.08,0.0
650.12,0.0
650.16,0.0
650.2,0.0
650.24,0.0
650.28,0.0
650.32,0.0
650.36,0.0
650.4,0.0
650.44,0.0
650.48,0.0
650.52,0.0
650.5600000000001,0.0
650.6,0.0
650.64,0.0
650.6800000000001,0.0
650.72,0.0
650.76,0.08000000000000007
650.8000000000001,0.0
650.84,0.0
650.88,0.0
650.92,0.0
650.96,0.0
651.0,0.0
651.04,0.0
651.08,0.0
651.12,0.0
651.16,0.0
651.2,0.0
651.24,0.0
651.28,0.0
651.32,0.0
651.36,0.0
651.4,0.08000000000000007
651.44,0.08000000000000007
651.48,0.0
651.52,0.0
651.5600000000001,0.0
651.6,0.0
651.64,0.0
651.6800000000001,0.08000000000000007
651.72,0.0
651.76,0.0
651.8000000000001,0.0
651.84,0.0
651.88,0.0
651.92,0.08000000000000007
651.96,0.0
652.0,0.0
652.04,0.0
652.08,0.0
652.12,0.0
652.16,0.0
652.2,0.0
652.24,0.0
652.28,0.0
652.32,0.0
652.36,0.0
652.4,0.0
652.44,0.0
652.48,0.0
652.52,0.0
652.5600000000001,0.0
652.6,0.0
652.64,0.0
652.6800000000001,0.0
652.72,0.0
652.76,0.0
652.8000000000001,0.0
652.84,0.0
652.88,0.08000000000000007
652.92,0.0
652.96,0.0
653.0,0.0
653.04,0.0
653.08,0.0
653.12,0.0
653.16,0.0
653.2,0.0
653.24,0.0
653.28,0.0
653.32,0.0
653.36,0.0
653.4,0.0
653.44,0.0
653.48,0.0
653.52,0.0
653.5600000000001,0.0
653.6,0.0
653.64,0.0
653.6800000000001,0.0
653.72,0.0
653.76,0.0
653.8000000000001,0.0
653.84,0.0
653.88,0.0
653.92,0.0
653.96,0.0
654.0,0.0
654.04,0.0
654.08,0.0
654.12,0.0
654.16,0.0
654.2,0.0
654.24,0.0
654.28,0.0
654.32,0.0
654.36,0.0
654.4,0.0
654.44,0.0
654.48,0.0
654.52,0.0
654.5600000000001,0.0
654.6,0.0
654.64,0.0
654.6800000000001,0.0
654.72,0.0
654.76,0.0
654.8000000000001,0.0
654.84,0.0
654.88,0.0
654.92,0.0
654.96,0.0
655.0,0.08000000000000007
655.04,0.0
655.08,0.0
655.12,0.0
655.16,0.0
655.2,0.0
655.24,0.0
655.28,0.0
655.32,0.0
655.36,0.0
655.4,0.0
655.44,0.08000000000000007
655.48,0.0
655.52,0.0
